[-1.3173552 -1.8639033 -1.2919672  2.021098 ],[-1.142 -1.81  -1.075  1.903]
[-1.3591115  -1.7168149  -0.95453787  1.6180546 ],[-1.142 -1.81  -1.075  1.903]
[-2.0150547  -0.28743577 -1.8430802   1.577436  ],[-1.5 -1.  -1.5  1.5]
[-1.6042795  -0.54060394 -0.7520085   1.4423128 ],[-1.564 -0.566 -0.708  1.404]
[-0.21105045 -0.5017735  -1.0334783  -1.1105427 ],[-0.2 -0.5 -1.  -1.1]
[-0.47025537 -0.03336468  0.00543765  0.2945413 ],[-0.56  -0.123  0.045  0.323]
[-1.4387945  -1.1474417   0.17695414 -0.06907461],[-2.  -1.   1.5 -1.5]
[-2.5415792 -1.2814648 -2.2555735 -1.7182779],[-2.428 -1.282 -2.128 -1.679]
[-1.7498074  -1.3281654   0.01655356  0.1207136 ],[-1.5 -1.3  0.   0. ]
[-1.4461745  -1.1590232   0.15142311 -0.03357042],[-2.  -1.   1.5 -1.5]
[-1.4001812  -1.1373672   0.3415133  -0.31536743],[-1.  -1.   0.5 -0.5]
[-1.5039663   0.08718875  1.71397     1.3570398 ],[-1.447 -0.102  1.541  1.316]
[-2.1046486  -0.18252692 -1.9735411   1.6675544 ],[-2.071 -0.077 -1.788  1.576]
[-1.6305246  -1.3253541   0.12984897  0.00271248],[-1.5 -1.3  0.   0. ]
[-1.3555114 -0.6627455  0.7156641  1.9116638],[-1.292 -0.707  0.644  1.914]
[-1.7872784  -1.2387762  -0.03906902  0.08304095],[-2.  -1.8  1.   1.1]
[-1.41658   -1.2386183 -0.6601026  0.9607844],[-2.  -1.   1.5 -1.5]
[-1.7779794  -1.3680447   0.02545075  0.12804595],[-1.5 -1.3  0.   0. ]
[-0.24196059 -0.5343582  -0.99163455 -1.1185211 ],[-0.2 -0.5 -1.  -1.1]
[-1.6914101  -1.3539826   0.07818823  0.06471146],[-1.5 -1.3  0.   0. ]
[-2.422865  -1.2997048 -2.0753615 -1.5847046],[-2.428 -1.282 -2.128 -1.679]
[-1.4893479  -1.2325189   0.04446454  0.14817956],[-1.  -1.  -1.5  1.5]
[-1.244637  -1.2644416 -0.8828967  1.3994973],[-1.  -1.  -1.5  1.5]
[-0.49306893 -0.07873785 -0.01139874  0.33380833],[-0.56  -0.123  0.045  0.323]
[-1.8461096  -0.77466923 -1.2764606   1.3439696 ],[-1.5 -1.  -1.5  1.5]
[-2.1692502  -0.13468722 -2.055936    1.6806595 ],[-2.071 -0.077 -1.788  1.576]
[-1.8401561 -0.5377099 -1.8391582  1.6203783],[-1.5 -1.  -1.5  1.5]
[-0.21684057 -0.514982   -1.0274583  -1.1037261 ],[-0.2 -0.5 -1.  -1.1]
[-1.7573838  -1.3484323   0.02126778  0.12515047],[-1.5 -1.3  0.   0. ]
[-1.6183612  -0.919988   -0.00704243  0.0709207 ],[-1.5 -1.   0.   0.1]
[-1.379034   -0.64174986  0.5953087   1.9036276 ],[-1.292 -0.707  0.644  1.914]
[-1.171951  -1.1202469 -1.4005724  1.5930724],[-1.  -1.  -1.5  1.5]
[-2.108343   -1.6379789   0.20167364 -0.28112754],[-2.  -2.   0.5 -0.5]
[-1.2706648 -1.3818796 -0.6492887  1.0953637],[-2.  -1.   1.5 -1.5]
[-2.112149   -1.762378    0.28961012 -0.5364633 ],[-2.  -2.   0.5 -0.5]
[-2.0025384 -1.7278025  0.9420043  1.0442464],[-2.  -1.8  1.   1.1]
[-1.3644602  -1.3734045  -0.73734313  1.5711373 ],[-1.142 -1.81  -1.075  1.903]
[-1.7690299  -1.3816648   0.02886681  0.12985921],[-2.  -1.5  0.   0.1]
[-1.8971989  -1.263329   -0.6180652   0.28503287],[-2.071 -0.077 -1.788  1.576]
[-1.3153224 -1.7518303 -1.122135   1.7911916],[-1.142 -1.81  -1.075  1.903]
[-1.7221804  -1.1910603  -0.02264716  0.05669931],[-2.1 -1.1  0.   0. ]
[-1.6137578  -0.5388516  -0.75591344  1.4636475 ],[-1.564 -0.566 -0.708  1.404]
[-2.037144  -1.7329881  0.6767266  0.5126597],[-2.  -1.8  1.   1.1]
[-0.9455346  -0.40392303  0.07328295  0.23373702],[-1.5 -1.   0.   0.1]
[-1.1102597 -0.9975054 -1.5475254  1.531915 ],[-1.  -1.  -1.5  1.5]
[-1.4298732  -0.12552336  1.4608868   1.21916   ],[-1.447 -0.102  1.541  1.316]
[-1.4608006  -0.06670508  1.5598456   1.2851417 ],[-1.447 -0.102  1.541  1.316]
[-2.047542   -1.4387937   0.1152565  -0.14518872],[-2.  -2.   0.5 -0.5]
[-1.3661771  -1.3283478  -0.61386776  1.2478975 ],[-1.142 -1.81  -1.075  1.903]
[-1.6101363  -1.3133521   0.13939665 -0.01000116],[-1.5 -1.3  0.   0. ]
[-1.9824715  -0.29936096 -1.8302146   1.6018068 ],[-2.071 -0.077 -1.788  1.576]
[-1.7672939  -1.2336736  -0.22351821  0.2285797 ],[-2.  -1.8  1.   1.1]
[-1.5091546  -1.2068344   0.28231442 -0.20382738],[-2.  -1.5  0.   0.1]
[-0.48049042 -0.03131038  0.04315898  0.330356  ],[-0.56  -0.123  0.045  0.323]
[-1.4769776 -0.1384924  1.4581412  1.143864 ],[-1.447 -0.102  1.541  1.316]
[-1.8364694  -1.2581241   0.05500841 -0.03937948],[-2.  -2.   0.5 -0.5]
[-1.9587474  -2.023367    0.48262727 -0.6135571 ],[-2.  -2.   0.5 -0.5]
[-1.7860861  -1.010092    0.03213607  0.00845329],[-1.5 -1.   0.   0.1]
[-1.7098632  -1.3604822   0.06478392  0.07766163],[-1.5 -1.3  0.   0. ]
[-1.3970406  -1.1166806   0.27353892 -0.187509  ],[-2.  -1.   1.5 -1.5]
[-1.6698844  -1.3396895   0.0766197   0.07515729],[-1.805 -1.468  0.05   0.431]
[-0.4775877  -0.0411337   0.03015896  0.33738   ],[-0.56  -0.123  0.045  0.323]
[-1.4134218 -0.1557385  1.4154339  1.197088 ],[-1.447 -0.102  1.541  1.316]
[-1.4828737  -1.2114311   0.09433934  0.07770208],[-1.5 -1.3  0.   0. ]
[-1.4640937  -1.1638255   0.32110876 -0.22593278],[-1.  -1.   0.5 -0.5]
[-1.3667119  -0.6356417   0.71191466  1.8632591 ],[-1.292 -0.707  0.644  1.914]
[-2.1506288  -0.11527114 -2.086225    1.6801126 ],[-2.071 -0.077 -1.788  1.576]
[-2.374275  -1.2968583 -1.9733912 -1.4706504],[-2.428 -1.282 -2.128 -1.679]
[-1.7782159  -0.9961758   0.02521767  0.03158986],[-1.5 -1.   0.   0.1]
[-2.4465222 -1.282093  -2.1623485 -1.6206279],[-2.428 -1.282 -2.128 -1.679]
[-0.30204216 -0.55159515 -0.89337486 -1.0617152 ],[-0.2 -0.5 -1.  -1.1]
[-1.9500129  -0.99698824  1.4472427  -1.455887  ],[-2.  -1.   1.5 -1.5]
[-1.7835207  -1.2371145  -0.22851239  0.21719441],[-1.5 -1.  -1.5  1.5]
[-1.521466   -1.215263    0.26044062 -0.16821852],[-1.5 -1.3  0.   0. ]
[-2.0976074  -1.7676678   0.35160488  0.06280326],[-2.  -1.8  1.   1.1]
[-1.2376921  -1.0109998   0.24236108 -0.34700888],[-2.  -1.   1.5 -1.5]
[-1.9943328  -1.0526903  -0.93861425  0.66061985],[-2.071 -0.077 -1.788  1.576]
[-1.7616096  -1.3800063   0.02624576  0.1472103 ],[-1.805 -1.468  0.05   0.431]
[-0.69978726 -0.24949567  0.08609504  0.2981216 ],[-0.56  -0.123  0.045  0.323]
[-1.4125915  -0.7847338   0.290765    0.48954672],[-2.  -1.   1.5 -1.5]
[-1.4875684 -1.2108654  0.117048   0.0447535],[-1.5 -1.3  0.   0. ]
[-0.47493547 -0.03988639  0.00208713  0.29282477],[-0.56  -0.123  0.045  0.323]
[-1.3964133  -1.1246121   0.2677044  -0.19223848],[-1.  -1.  -1.5  1.5]
[-0.21103188 -0.5100703  -1.0158743  -1.1252    ],[-0.2 -0.5 -1.  -1.1]
[-1.356976   -0.64742225  0.5921541   1.9240829 ],[-1.292 -0.707  0.644  1.914]
[-1.5559342  -0.62727666 -0.8250174   1.2792993 ],[-1.564 -0.566 -0.708  1.404]
[-0.23225516 -0.5190401  -1.0124257  -1.1155102 ],[-0.2 -0.5 -1.  -1.1]
[-1.4684798  -0.00725016  1.5929234   1.28884   ],[-1.447 -0.102  1.541  1.316]
[-0.498514   -0.04380035 -0.04509501  0.3134215 ],[-0.56  -0.123  0.045  0.323]
[-1.393713   -1.1221277   0.2733263  -0.20110586],[-1.  -1.  -1.5  1.5]
[-2.066275   -1.628463    0.23863392 -0.4176214 ],[-2.  -2.   0.5 -0.5]
[-1.3411145 -1.637273  -0.9917025  1.6538568],[-1.142 -1.81  -1.075  1.903]
[-2.1463308  -0.07566163 -2.1436536   1.7473395 ],[-2.071 -0.077 -1.788  1.576]
[-1.8680604  -1.2924058   0.06851093 -0.06550889],[-2.  -2.   0.5 -0.5]
[-1.5554221  -0.82038724 -1.1387967   1.3246747 ],[-1.564 -0.566 -0.708  1.404]
[-1.3632007  -1.101447    0.27227867 -0.22972146],[-1.  -1.  -1.5  1.5]
[-1.4486113  -1.1623365   0.3775223  -0.28294206],[-1.  -1.   0.5 -0.5]
[-2.1101985  -1.5829009   0.16969109 -0.25986195],[-2.  -2.   0.5 -0.5]
[-1.3640938  -0.76797056  0.2219865   1.7561116 ],[-1.  -1.  -1.5  1.5]
[-1.381433   -0.68610114  0.5272507   1.8851283 ],[-1.292 -0.707  0.644  1.914]
[-1.7113564  -1.3585429   0.05294963  0.09708715],[-2.  -1.5  0.   0.1]
[-1.9695251 -0.9919904  1.4852253 -1.5058734],[-2.  -1.   1.5 -1.5]
[-1.7410238  -1.388282    0.08682142  0.04864002],[-2.  -1.5  0.   0.1]
[-1.8872056  -1.1737306  -0.8963571   0.84528387],[-1.5 -1.  -1.5  1.5]
[-1.3157666 -1.6453334 -0.9920663  1.6587956],[-1.142 -1.81  -1.075  1.903]
[-1.4252274  -0.745837   -0.01822057  0.12545064],[-0.56  -0.123  0.045  0.323]
[-1.77899    -1.0148265   0.02556886  0.01635525],[-2.1 -1.1  0.   0. ]
[-1.8770154  -0.45068637 -1.8539242   1.6052222 ],[-1.5 -1.  -1.5  1.5]
[-2.0810416  -1.7585005   0.30127063 -0.5290292 ],[-2.  -2.   0.5 -0.5]
[-0.9746026  -0.45541388  0.03888028  0.25282592],[-1.5 -1.   0.   0.1]
[-1.7334542  -1.3069832   0.01453887  0.116039  ],[-1.5 -1.3  0.   0. ]
[-1.2910701 -1.9270312 -1.2512777  2.019698 ],[-1.142 -1.81  -1.075  1.903]
[-1.5222373  -1.2442836   0.17165078 -0.03381608],[-1.805 -1.468  0.05   0.431]
[-1.5710795  -1.2772462   0.20382513 -0.08572014],[-1.  -1.   0.5 -0.5]
[-1.8328304  -1.2542905  -0.02462755  0.07996129],[-2.  -1.8  1.   1.1]
[-1.5539603 -0.6280701 -0.8517228  1.4438388],[-1.564 -0.566 -0.708  1.404]
[-1.9326456  -1.5932395   0.86351633  0.9528709 ],[-2.  -1.8  1.   1.1]
[-2.3089628 -1.2902462 -1.8043951 -1.3299131],[-2.428 -1.282 -2.128 -1.679]
[-2.1761909  -0.12792015 -2.0586374   1.6876982 ],[-2.071 -0.077 -1.788  1.576]
[-1.6886284  -0.78815776 -1.66629     1.5936902 ],[-1.5 -1.  -1.5  1.5]
[-1.7900538  -1.2606986  -0.12042987  0.10111956],[-2.  -1.8  1.   1.1]
[-0.9130216  -0.45716095 -0.01082928  0.26913062],[-1.564 -0.566 -0.708  1.404]
[-1.4790406  -1.2191693   0.06263992  0.12356857],[-2.  -1.5  0.   0.1]
[-1.3822238  -0.6362266   0.57174426  1.8585333 ],[-1.292 -0.707  0.644  1.914]
[-1.4751222  -1.1713667   0.2790569  -0.17747793],[-1.142 -1.81  -1.075  1.903]
[-1.8401551  -0.88298386  1.1415955  -1.1996194 ],[-2.  -1.   1.5 -1.5]
[-2.0327492  -0.35564977 -1.754811    1.5393947 ],[-2.071 -0.077 -1.788  1.576]
[-1.3082631 -1.8052535 -1.2769684  1.9805686],[-1.142 -1.81  -1.075  1.903]
[-1.3724012  -0.65404546  0.5848579   1.9159681 ],[-1.292 -0.707  0.644  1.914]
[-1.6869938  -1.3469594   0.0700615   0.06670036],[-2.  -1.5  0.   0.1]
[-1.4407403  -1.1540115   0.2589849  -0.15287325],[-1.  -1.   0.5 -0.5]
[-2.0642447  -0.23125915 -1.8374742   1.6329522 ],[-2.071 -0.077 -1.788  1.576]
[-1.5989301 -0.5402914 -0.8072535  1.3977159],[-1.564 -0.566 -0.708  1.404]
[-1.9800854  -0.31029746 -1.8148131   1.5875711 ],[-2.071 -0.077 -1.788  1.576]
[-1.7465594  -1.36895     0.03321305  0.12406709],[-1.5 -1.3  0.   0. ]
[-1.9325786  -1.598302    0.86236644  0.9655324 ],[-2.  -1.8  1.   1.1]
[-1.6900034  -0.9534073   0.03208987  0.04543643],[-2.1 -1.1  0.   0. ]
[-0.24595624 -0.51861143 -1.0138191  -1.1174991 ],[-0.2 -0.5 -1.  -1.1]
[-0.45685813 -0.03351918 -0.02556597  0.30910188],[-0.56  -0.123  0.045  0.323]
[-2.0350175  -1.7940934   0.23415555 -0.57565033],[-2.  -2.   0.5 -0.5]
[-1.6192086  -0.88570744 -1.6183249   1.6021316 ],[-1.5 -1.  -1.5  1.5]
[-1.7941608  -1.0158327   0.01681692  0.02721847],[-2.1 -1.1  0.   0. ]
[-2.0999923  -0.16777626 -1.9505152   1.6653944 ],[-2.071 -0.077 -1.788  1.576]
[-1.8323028  -1.4153088   0.03234621  0.13371417],[-1.805 -1.468  0.05   0.431]
[-1.2526689  -1.0398146   0.2065989  -0.27699223],[-1.  -1.   0.5 -0.5]
[-1.732611   -0.9772973   0.01504947  0.05832308],[-1.5 -1.   0.   0.1]
[-0.27811795 -0.5376077  -0.9848588  -1.1347679 ],[-0.2 -0.5 -1.  -1.1]
[-1.1560483  -0.6472328  -0.05193076  0.21179786],[-1.5 -1.   0.   0.1]
[-1.6582999e+00 -9.8851842e-01  2.5258958e-04  5.3763732e-02],[-2.1 -1.1  0.   0. ]
[-1.7612154  -1.008312    0.02437668  0.0223408 ],[-2.1 -1.1  0.   0. ]
[-1.3346796  -1.0913682   0.2686172  -0.27842316],[-1.  -1.   0.5 -0.5]
[-2.0628657  -1.756443    0.51404166  0.3130933 ],[-2.  -1.8  1.   1.1]
[-1.4953136   0.04712048  1.6601609   1.3216022 ],[-1.447 -0.102  1.541  1.316]
[-1.6796858  -1.0665436  -0.00584384  0.04731034],[-1.5 -1.   0.   0.1]
[-1.4507644  -0.09261557  1.5221733   1.2723707 ],[-1.447 -0.102  1.541  1.316]
[-1.3236154 -1.8762435 -1.286335   2.0472863],[-1.142 -1.81  -1.075  1.903]
[-2.4418762 -1.2843341 -2.147019  -1.6196711],[-2.428 -1.282 -2.128 -1.679]
[-1.1854339 -1.1021115 -1.4917561  1.6106156],[-1.  -1.  -1.5  1.5]
[-2.5498545 -1.2855484 -2.2380033 -1.741106 ],[-2.428 -1.282 -2.128 -1.679]
[-1.7285976  -1.2232997  -0.09042744  0.11501596],[-1.5 -1.   0.   0.1]
[-1.4785783   0.01778975  1.6526713   1.3418193 ],[-1.447 -0.102  1.541  1.316]
[-2.005985   -0.26380026 -1.8769552   1.626381  ],[-1.5 -1.  -1.5  1.5]
[-2.0252323 -1.8008587  0.2557234 -0.5740633],[-2.  -2.   0.5 -0.5]
[-2.1049361  -0.19159436 -1.9820651   1.6712418 ],[-2.071 -0.077 -1.788  1.576]
[-0.4158923  -0.00117218 -0.05651801  0.30310893],[-0.56  -0.123  0.045  0.323]
[-1.622549   -0.64596665 -0.6234652   1.387257  ],[-1.564 -0.566 -0.708  1.404]
[-1.6983585  -1.3671752   0.11053762  0.02031907],[-2.  -1.5  0.   0.1]
[-0.30434048 -0.55434036 -0.9622545  -1.1375035 ],[-0.2 -0.5 -1.  -1.1]
[-1.4880947  -1.2262151   0.06798439  0.11435916],[-1.805 -1.468  0.05   0.431]
[-2.0669377  -1.4978966   0.15306327 -0.24833843],[-2.  -2.   0.5 -0.5]
[-2.4512548 -1.2817421 -2.1648507 -1.6259054],[-2.428 -1.282 -2.128 -1.679]
[-1.3518736  -1.027688    0.36883467 -0.43503514],[-1.  -1.   0.5 -0.5]
[-1.6570153  -0.9542379  -0.02132643  0.08620008],[-1.5 -1.   0.   0.1]
[-1.466565   -1.0075021  -0.34157783  1.0963957 ],[-1.564 -0.566 -0.708  1.404]
[-1.8258061  -1.2710369  -0.22344129  0.14878422],[-1.5 -1.  -1.5  1.5]
[-1.7572784  -1.236054   -0.1718184   0.17965743],[-2.1 -1.1  0.   0. ]
[-1.5927815  -1.3024046   0.15144624 -0.02779786],[-1.5 -1.3  0.   0. ]
[-2.21099    -0.08523399 -2.1042519   1.7186621 ],[-2.071 -0.077 -1.788  1.576]
[-0.4940638  -0.08957246 -0.01338247  0.32668066],[-0.56  -0.123  0.045  0.323]
[-1.4816082   0.01526743  1.6513664   1.3481017 ],[-1.447 -0.102  1.541  1.316]
[-1.4598055  -0.08420977  1.5204977   1.2360022 ],[-1.447 -0.102  1.541  1.316]
[-1.3556471  -0.7108058   0.41504094  1.8115126 ],[-1.292 -0.707  0.644  1.914]
[-1.39357   -0.254337   1.0604328  1.0892826],[-1.447 -0.102  1.541  1.316]
[-1.5942271  -1.2957349   0.12456885  0.00643298],[-1.  -1.   0.5 -0.5]
[-1.7523439  -1.3416579   0.02032046  0.12234103],[-1.5 -1.3  0.   0. ]
[-1.9223127  -1.891805    0.35756746 -0.5789556 ],[-2.  -2.   0.5 -0.5]
[-1.7265112  -1.216955   -0.14374489  0.18334356],[-1.5 -1.   0.   0.1]
[-1.5540693 -1.0081687 -1.6365138  1.6125039],[-1.5 -1.  -1.5  1.5]
[-2.3996637 -1.2800206 -2.0971422 -1.5842391],[-2.428 -1.282 -2.128 -1.679]
[-2.1696973  -0.07202287 -2.1465602   1.7301229 ],[-2.071 -0.077 -1.788  1.576]
[-2.0301175  -1.7828798   0.33876598 -0.53347445],[-2.  -2.   0.5 -0.5]
[-1.6928191  -1.3393369   0.02278464  0.12834594],[-2.  -1.5  0.   0.1]
[-1.7865705  -1.2572329  -0.048118    0.08744352],[-2.  -1.8  1.   1.1]
[-2.0707507  -1.8601676   0.35137266 -0.5867547 ],[-2.  -2.   0.5 -0.5]
[-1.3696368 -0.6468016  0.592333   1.9039685],[-1.292 -0.707  0.644  1.914]
[-2.0993762  -1.593818    0.18073624 -0.2550362 ],[-2.  -2.   0.5 -0.5]
[-0.39744267  0.08854645 -0.08778821  0.3069524 ],[-0.56  -0.123  0.045  0.323]
[-1.5178401  -1.2151811   0.27438778 -0.19530764],[-2.  -1.5  0.   0.1]
[-2.2211587  -0.05495492 -2.1673193   1.7305686 ],[-2.071 -0.077 -1.788  1.576]
[-0.48064962 -0.03484219  0.04024022  0.33215624],[-0.56  -0.123  0.045  0.323]
[-1.9370561  -1.1929989  -0.8994369  -0.34446523],[-2.428 -1.282 -2.128 -1.679]
[-1.6591189  -0.96676075  0.02504349  0.0383193 ],[-2.1 -1.1  0.   0. ]
[-1.3879442  -0.6843667   0.41229576  1.7887557 ],[-1.292 -0.707  0.644  1.914]
[-1.9084706 -1.0074129  1.3682953 -1.3461446],[-2.  -1.   1.5 -1.5]
[-1.4855177  -1.2152026   0.094457    0.07790847],[-2.  -1.5  0.   0.1]
[-0.55765146 -0.12211917  0.03452989  0.30835554],[-0.56  -0.123  0.045  0.323]
[-1.9329095  -1.596751    0.86726964  0.959579  ],[-2.  -1.8  1.   1.1]
[-2.526763  -1.2901789 -2.2288053 -1.7083592],[-2.428 -1.282 -2.128 -1.679]
[-1.4515526  -1.158765    0.19566616 -0.08192534],[-1.  -1.   0.5 -0.5]
[-0.21477073 -0.50557244 -1.0186648  -1.1263778 ],[-0.2 -0.5 -1.  -1.1]
[-0.24498132 -0.5234579  -0.9868142  -1.1223001 ],[-0.2 -0.5 -1.  -1.1]
[-1.8239796 -0.8935007  1.1130981 -1.207004 ],[-2.  -1.   1.5 -1.5]
[-1.1994147  -0.9252397   0.24353413 -0.40583423],[-1.  -1.   0.5 -0.5]
[-1.4294806  -1.0680428   0.48913294 -0.48534307],[-2.  -1.   1.5 -1.5]
[-1.8293836e+00 -1.0295446e+00  2.9793672e-02  1.5311390e-03],[-2.1 -1.1  0.   0. ]
[-1.5138097  -1.2052577   0.24990307 -0.15139654],[-1.5 -1.3  0.   0. ]
[-1.8837299  -1.4393759   0.02371261  0.15329221],[-2.  -1.5  0.   0.1]
[-1.7994728  -1.0742064   0.02368515 -0.00912359],[-2.1 -1.1  0.   0. ]
[-1.7874782  -1.2308148  -0.03670401  0.07827335],[-2.  -1.8  1.   1.1]
[-1.975316   -1.6362193   0.92071706  1.0477897 ],[-2.  -1.8  1.   1.1]
[-1.7744567  -1.3752437   0.02652888  0.12752235],[-1.5 -1.3  0.   0. ]
[-0.21482375 -0.5040697  -1.0188366  -1.1235697 ],[-0.2 -0.5 -1.  -1.1]
[-1.9249926  -1.3909357   0.11627923 -0.14948508],[-2.  -2.   0.5 -0.5]
[-1.7324884  -1.2298299  -0.04253468  0.06887714],[-1.5 -1.   0.   0.1]
[-0.39009508  0.02059713 -0.10911416  0.30457696],[-0.56  -0.123  0.045  0.323]
[-1.7875416  -1.2453904  -0.22081305  0.19546372],[-1.5 -1.  -1.5  1.5]
[-1.4432316  -1.204919    0.02682849  0.18439949],[-1.  -1.   0.5 -0.5]
[-1.4689043   0.01612791  1.6219127   1.3038763 ],[-1.447 -0.102  1.541  1.316]
[-1.8290436  -1.4199443   0.0379158   0.12534231],[-2.  -1.5  0.   0.1]
[-1.4138668  -1.1199217   0.3325901  -0.24097589],[-1.  -1.   0.5 -0.5]
[-1.8504176  -1.4316534   0.02728598  0.13567016],[-2.  -1.5  0.   0.1]
[-1.4720829  -1.2070656  -0.314575    0.64577705],[-1.292 -0.707  0.644  1.914]
[-1.3438561  -0.9994973   0.27436957 -0.1898314 ],[-2.  -1.   1.5 -1.5]
[-1.7517796  -0.9987478   0.0241555   0.02960508],[-1.5 -1.   0.   0.1]
[-1.4392323  -1.1652058   0.11589766  0.0168232 ],[-2.  -1.   1.5 -1.5]
[-1.4114767  -1.1104046   0.34418008 -0.2524099 ],[-1.  -1.   0.5 -0.5]
[-1.5024259  -1.2357805   0.11901619  0.04668134],[-1.  -1.  -1.5  1.5]
[-1.4746671  -1.2023375  -0.32378602  0.66798484],[-1.292 -0.707  0.644  1.914]
[-0.30062115 -0.55630505 -0.96739346 -1.1301107 ],[-0.2 -0.5 -1.  -1.1]
[-0.5294613  -0.09429336  0.02915598  0.3036771 ],[-0.56  -0.123  0.045  0.323]
[-1.9380274  -1.6024225   0.87664396  0.976634  ],[-2.  -1.8  1.   1.1]
[-0.7837538  -0.2623746  -0.07880323  0.33005   ],[-2.428 -1.282 -2.128 -1.679]
[-1.5767791  -1.2869902   0.18063624 -0.06633262],[-1.5 -1.3  0.   0. ]
[-1.7086217  -1.0777138   0.00283621  0.03206901],[-2.1 -1.1  0.   0. ]
[-1.8872027 -1.2094191 -0.8048061  0.6941941],[-1.5 -1.  -1.5  1.5]
[-1.3796692  -0.6924741   0.48552948  1.8583679 ],[-1.292 -0.707  0.644  1.914]
[-1.8412426  -0.88098156 -1.2214199   1.2880921 ],[-1.5 -1.  -1.5  1.5]
[-2.4471185 -1.2814494 -2.1594253 -1.6233532],[-2.428 -1.282 -2.128 -1.679]
[-1.6520605  -1.3368137   0.11702438  0.01802514],[-1.5 -1.3  0.   0. ]
[-1.4360728  -1.2081423   0.0026033   0.21893239],[-1.  -1.   0.5 -0.5]
[-1.9299521  -1.276768    0.05842134 -0.09251565],[-2.  -2.   0.5 -0.5]
[-1.6230121 -0.6349851 -0.8425128  1.2884072],[-1.564 -0.566 -0.708  1.404]
[-1.7417266  -0.9851528   0.02479677  0.04077546],[-1.5 -1.   0.   0.1]
[-1.9054415  -1.4524151   0.0093859   0.16826355],[-1.805 -1.468  0.05   0.431]
[-1.6494169  -1.3355663   0.11901022  0.01575214],[-1.5 -1.3  0.   0. ]
[-1.1150167 -1.0779119 -1.6174049  1.5583079],[-1.  -1.  -1.5  1.5]
[-1.515884  -0.6791696 -0.8571188  1.4552095],[-1.564 -0.566 -0.708  1.404]
[-1.4018545 -0.6037352  0.1414415  1.5820128],[-1.564 -0.566 -0.708  1.404]
[-1.7647412  -1.3863379   0.03464798  0.12393116],[-1.805 -1.468  0.05   0.431]
[-1.709898   -1.1104649   0.00827244  0.02466011],[-2.1 -1.1  0.   0. ]
[-1.812434   -1.2799244  -0.17962827  0.05328523],[-2.  -2.   0.5 -0.5]
[-1.4804466  -0.00249675  1.6182793   1.3095082 ],[-1.447 -0.102  1.541  1.316]
[-1.9385426  -1.420709    0.13449414 -0.1783869 ],[-2.  -2.   0.5 -0.5]
[-1.1302712 -1.0942757 -1.6540822  1.5737324],[-1.  -1.  -1.5  1.5]
[-1.4695075  -0.01776418  1.6084167   1.310558  ],[-1.447 -0.102  1.541  1.316]
[-1.8038964  -1.0315583   0.01292246  0.01876698],[-2.1 -1.1  0.   0. ]
[-2.5214586 -1.2777267 -2.2515497 -1.6914611],[-2.428 -1.282 -2.128 -1.679]
[-1.7115631  -1.1102401   0.00904632  0.0231806 ],[-2.1 -1.1  0.   0. ]
[-2.4467685 -1.2838532 -2.1531265 -1.6255579],[-2.428 -1.282 -2.128 -1.679]
[-1.3975189  -0.68670213  0.30350196  1.7273755 ],[-1.292 -0.707  0.644  1.914]
[-1.7831659  -1.2572381  -0.13310997  0.11615463],[-2.  -1.8  1.   1.1]
[-1.9669735 -0.9944733  1.4704931 -1.4874403],[-2.  -1.   1.5 -1.5]
[-2.0441747  -1.6144452   0.22932167 -0.42215118],[-2.  -2.   0.5 -0.5]
[-1.4945021  -0.66261196  0.0697491   1.1812595 ],[-1.564 -0.566 -0.708  1.404]
[-1.7121322  -1.3748342   0.10245162  0.03330822],[-2.  -1.5  0.   0.1]
[-1.5546331  -1.2543747   0.23557688 -0.14905092],[-1.805 -1.468  0.05   0.431]
[-2.1466494  -0.12792641 -2.052597    1.694978  ],[-2.071 -0.077 -1.788  1.576]
[-1.7947612  -1.258066   -0.19904545  0.15019178],[-2.  -2.   0.5 -0.5]
[-1.8296554e+00 -1.0365145e+00  2.9950449e-02  4.5172125e-04],[-2.1 -1.1  0.   0. ]
[-0.51104844 -0.07290883  0.04928696  0.33365378],[-0.56  -0.123  0.045  0.323]
[-0.53463316 -0.10180464  0.03120105  0.303521  ],[-0.56  -0.123  0.045  0.323]
[-1.726486   -1.3636417   0.04090947  0.11580554],[-1.805 -1.468  0.05   0.431]
[-1.7793076  -1.3658124   0.02454264  0.1282484 ],[-1.5 -1.3  0.   0. ]
[-1.4775443  -1.1734914   0.3076695  -0.21929988],[-2.  -1.5  0.   0.1]
[-1.3936825 -0.2530598  1.0579629  1.0831904],[-1.564 -0.566 -0.708  1.404]
[-1.9761381  -1.6666415   0.91421336  1.0074236 ],[-2.  -1.8  1.   1.1]
[-1.2308295 -1.607645  -1.0859104  1.7409227],[-1.142 -1.81  -1.075  1.903]
[-2.2623956  -0.02865461 -2.1807022   1.7384427 ],[-2.071 -0.077 -1.788  1.576]
[-1.0402097  -0.48522937  0.03276714  0.2115673 ],[-1.5 -1.   0.   0.1]
[-1.4033352  -0.6889174   0.19799653  1.67108   ],[-1.292 -0.707  0.644  1.914]
[-1.5281513  -1.2221837   0.25660715 -0.16385975],[-1.5 -1.3  0.   0. ]
[-1.7519443  -0.67832613 -1.7086931   1.5782056 ],[-1.5 -1.  -1.5  1.5]
[-2.0960228 -0.1786594 -1.9986583  1.653559 ],[-2.071 -0.077 -1.788  1.576]
[-2.0703523  -1.57287     0.17683052 -0.23577908],[-2.  -2.   0.5 -0.5]
[-1.7429681  -0.69646955 -1.7431829   1.6124421 ],[-1.5 -1.  -1.5  1.5]
[-1.3673954  -1.5867498  -0.87515336  1.5089829 ],[-1.142 -1.81  -1.075  1.903]
[-1.3060608 -1.0157481 -1.27942    1.6211915],[-1.  -1.  -1.5  1.5]
[-2.142087   -0.18219598 -1.9755248   1.6617374 ],[-2.071 -0.077 -1.788  1.576]
[-2.1033578 -1.205045  -1.4170388 -0.9271836],[-2.428 -1.282 -2.128 -1.679]
[-1.2362552 -1.3168294 -1.0692228  1.5783662],[-1.  -1.  -1.5  1.5]
[-1.7407489  -0.70198405 -1.7487699   1.6155018 ],[-1.5 -1.  -1.5  1.5]
[-1.3406872  -1.3998085  -0.58260685  1.026998  ],[-1.142 -1.81  -1.075  1.903]
[-1.739929  -0.7056867 -1.7598413  1.6085392],[-1.5 -1.  -1.5  1.5]
[-0.465923   -0.03922766 -0.04063851  0.3319554 ],[-0.56  -0.123  0.045  0.323]
[-2.4478662 -1.2820609 -2.159224  -1.6245838],[-2.428 -1.282 -2.128 -1.679]
[-1.3041575  -1.5266782  -0.91062826  1.5424731 ],[-1.142 -1.81  -1.075  1.903]
[-1.9383528  -1.9768269   0.35049087 -0.6507502 ],[-2.  -2.   0.5 -0.5]
[-1.6884029  -1.3526852   0.08493857  0.05454906],[-1.5 -1.3  0.   0. ]
[-1.5366836  -0.6597188  -0.87255496  1.4830098 ],[-1.564 -0.566 -0.708  1.404]
[-1.4660782  -1.1663806   0.3223279  -0.22791395],[-1.  -1.   0.5 -0.5]
[-1.1896505 -0.9880507 -1.3545445  1.4336907],[-1.  -1.  -1.5  1.5]
[-0.5572863  -0.11656572  0.03951317  0.32611337],[-0.56  -0.123  0.045  0.323]
[-1.4636937  -1.1745625   0.1612988  -0.02980047],[-1.  -1.   0.5 -0.5]
[-1.677098   -0.980067    0.02835588  0.02328689],[-2.1 -1.1  0.   0. ]
[-1.368933  -0.61787    0.4941982  1.7162914],[-1.564 -0.566 -0.708  1.404]
[-1.3094027  -0.95641434 -0.03380704  0.10394138],[-1.142 -1.81  -1.075  1.903]
[-2.5555758 -1.2919173 -2.2556314 -1.7353876],[-2.428 -1.282 -2.128 -1.679]
[-1.8907943  -1.292913   -0.31958714  0.1343151 ],[-1.5 -1.  -1.5  1.5]
[-2.484038  -1.3010659 -2.2243059 -1.6450362],[-2.428 -1.282 -2.128 -1.679]
[-1.3392957 -1.2042134 -1.423407   1.7387936],[-1.142 -1.81  -1.075  1.903]
[-1.1697919  -0.8985892  -0.00496818 -0.02301473],[-1.  -1.  -1.5  1.5]
[-1.4810114  -1.2248352   0.04749266  0.14550494],[-1.805 -1.468  0.05   0.431]
[-1.3005879  -1.0434048   0.2954438  -0.35549057],[-1.  -1.   0.5 -0.5]
[-0.4002419 -0.6126778 -0.6777046 -0.8781681],[-0.2 -0.5 -1.  -1.1]
[-1.8134458  -1.4184542   0.04639274  0.11896867],[-2.  -1.5  0.   0.1]
[-1.337404  -1.3055611 -0.5024459  0.8069137],[-2.  -1.   1.5 -1.5]
[-2.545485  -1.2885532 -2.236222  -1.7345161],[-2.428 -1.282 -2.128 -1.679]
[-1.7243016  -1.3117454   0.02572695  0.10479147],[-1.5 -1.3  0.   0. ]
[-1.8440671 -0.5079116 -1.692174   1.5462058],[-1.5 -1.  -1.5  1.5]
[-1.5046782   0.08752415  1.7161442   1.3593558 ],[-1.447 -0.102  1.541  1.316]
[-1.4892995  -1.1913221   0.23483594 -0.1174034 ],[-1.5 -1.3  0.   0. ]
[-1.3708808  -1.0933448   0.3707026  -0.39277735],[-2.  -1.   1.5 -1.5]
[-1.3924963  -1.1207206   0.2790258  -0.20827669],[-1.  -1.  -1.5  1.5]
[-1.7984312  -1.4041963   0.04200163  0.1166392 ],[-2.  -1.5  0.   0.1]
[-2.090213   -1.5121061   0.13789465 -0.21044749],[-2.  -2.   0.5 -0.5]
[-1.4846017  -1.1877066   0.22059084 -0.09634846],[-1.5 -1.3  0.   0. ]
[-1.7703366  -1.0057478   0.02270496  0.02659296],[-1.5 -1.   0.   0.1]
[-2.1027267 -0.1858547 -1.9728025  1.6658969],[-2.071 -0.077 -1.788  1.576]
[-1.4961448  -1.1962321   0.2973612  -0.20104563],[-1.  -1.   0.5 -0.5]
[-0.22344589 -0.5178208  -1.0379201  -1.1042424 ],[-0.2 -0.5 -1.  -1.1]
[-2.0904956  -0.20746592 -1.9233077   1.6501284 ],[-2.071 -0.077 -1.788  1.576]
[-1.8228607  -0.78923464  1.1148864  -1.1184386 ],[-2.  -1.   1.5 -1.5]
[-1.5948789 -0.9331359 -1.5995122  1.6028987],[-1.5 -1.  -1.5  1.5]
[-1.3743203 -1.1340698 -1.3897985  1.6977131],[-1.142 -1.81  -1.075  1.903]
[-1.8899131 -1.2310197 -0.7422397  0.6050319],[-1.5 -1.  -1.5  1.5]
[-1.807245   -1.3989999   0.02998704  0.1280221 ],[-2.  -1.5  0.   0.1]
[-1.8485527  -0.93058544  1.069349   -1.1030707 ],[-2.  -1.   1.5 -1.5]
[-1.3756317  -1.2477926  -0.61999434  1.3938739 ],[-1.142 -1.81  -1.075  1.903]
[-2.3883016 -1.2796888 -2.084783  -1.571862 ],[-2.428 -1.282 -2.128 -1.679]
[-0.444281    0.00424796  0.03005223  0.32141793],[-0.56  -0.123  0.045  0.323]
[-1.6803622  -0.9460985   0.02293906  0.06281047],[-1.5 -1.   0.   0.1]
[-1.923264   -1.509705    0.16009703 -0.09076799],[-2.  -1.8  1.   1.1]
[-0.69171274 -0.20163599  0.07801313  0.3196029 ],[-0.56  -0.123  0.045  0.323]
[-1.4889686  -1.2117885   0.11981601  0.04086194],[-2.  -1.5  0.   0.1]
[-1.4756615   0.02466977  1.6434392   1.3298681 ],[-1.447 -0.102  1.541  1.316]
[-1.4190788  -0.67891103  0.17725478  1.5574347 ],[-1.564 -0.566 -0.708  1.404]
[-1.7472453  -0.97775996  0.01786297  0.05078928],[-1.5 -1.   0.   0.1]
[-1.8369324  -1.4177406   0.034594    0.13193476],[-1.805 -1.468  0.05   0.431]
[-0.6501634  -0.20580418  0.04310336  0.2964601 ],[-0.56  -0.123  0.045  0.323]
[-2.0277328  -1.715918    0.608628    0.47041717],[-2.  -1.8  1.   1.1]
[-1.8366394 -0.8987593  1.2066998 -1.279206 ],[-2.  -1.   1.5 -1.5]
[-1.5162067  -0.66261923 -0.8580477   1.478803  ],[-1.564 -0.566 -0.708  1.404]
[-2.1064777  -0.14632374 -2.0218768   1.6932433 ],[-2.071 -0.077 -1.788  1.576]
[-1.4015503 -1.1180812  0.3666009 -0.3324635],[-2.  -1.   1.5 -1.5]
[-1.3744965  -1.1067098   0.29467413 -0.24143755],[-1.  -1.   0.5 -0.5]
[-1.2528558 -1.3428525 -1.1381878  1.6558081],[-1.142 -1.81  -1.075  1.903]
[-1.4800624  0.0145019  1.6492493  1.346679 ],[-1.447 -0.102  1.541  1.316]
[-2.546422  -1.291135  -2.2424953 -1.7284749],[-2.428 -1.282 -2.128 -1.679]
[-1.6471708  -1.3343511   0.11859481  0.01681513],[-1.5 -1.3  0.   0. ]
[-1.7306423  -1.3745184   0.06884632  0.07516486],[-1.805 -1.468  0.05   0.431]
[-1.23663   -1.3284588 -1.0486747  1.4592013],[-1.  -1.  -1.5  1.5]
[-2.0382917 -1.724205   0.5231815  0.3737019],[-2.  -1.8  1.   1.1]
[-1.7900093 -1.0263208  1.2118111 -1.1341534],[-2.  -1.   1.5 -1.5]
[-1.11446   -1.056879  -1.613634   1.5393056],[-1.  -1.  -1.5  1.5]
[-1.9844012  -1.8793504   0.40065104 -0.5622735 ],[-2.  -2.   0.5 -0.5]
[-1.4729142  -1.1800059   0.19881143 -0.06454756],[-1.142 -1.81  -1.075  1.903]
[-2.1300595 -0.1535425 -2.021696   1.7013307],[-2.071 -0.077 -1.788  1.576]
[-1.4127868  -0.7184955   0.02454386  1.5607047 ],[-1.292 -0.707  0.644  1.914]
[-2.168643   -0.06961355 -2.153384    1.7343252 ],[-2.071 -0.077 -1.788  1.576]
[-1.3601589 -0.6444433  0.7164494  1.8914776],[-1.292 -0.707  0.644  1.914]
[-1.7428987  -1.234026   -0.03724501  0.0618792 ],[-2.1 -1.1  0.   0. ]
[-1.6774039  -0.68860877 -1.1332681   1.451371  ],[-1.  -1.  -1.5  1.5]
[-1.7225685  -1.305405    0.03052531  0.08504609],[-1.5 -1.3  0.   0. ]
[-1.9508326 -1.0004549  1.4179834 -1.4286934],[-2.  -1.   1.5 -1.5]
[-0.5421119  -0.08432506  0.06431536  0.33295548],[-0.56  -0.123  0.045  0.323]
[-1.387871  -0.7182237  0.5357519  1.8914031],[-1.292 -0.707  0.644  1.914]
[-1.0605004 -1.0094881 -1.562352   1.5546254],[-1.  -1.  -1.5  1.5]
[-1.7271614  -0.97440076  0.02829912  0.03857834],[-1.5 -1.   0.   0.1]
[-1.3703406  -0.66579616  0.6114575   1.911301  ],[-1.292 -0.707  0.644  1.914]
[-1.7925458  -1.3750362   0.02107524  0.11920395],[-1.805 -1.468  0.05   0.431]
[-1.8334641  -1.3115867  -0.0084844   0.03628623],[-2.  -2.   0.5 -0.5]
[-1.8068409  -1.3934045   0.02843197  0.12988597],[-2.  -1.5  0.   0.1]
[-1.7238207  -0.9621186   0.02544183  0.05209434],[-1.5 -1.   0.   0.1]
[-2.0871446  -1.7132915   0.27932394 -0.51989096],[-2.  -2.   0.5 -0.5]
[-1.82127   -0.8023552  1.1004416 -1.1132863],[-2.  -1.   1.5 -1.5]
[-0.30051166 -0.5533924  -0.9591163  -1.1344624 ],[-0.2 -0.5 -1.  -1.1]
[-1.7353203  -1.3638543   0.0376042   0.11889408],[-1.5 -1.3  0.   0. ]
[-1.5834811 -0.9143524 -1.5949608  1.5921326],[-1.5 -1.  -1.5  1.5]
[-1.129003   -0.5591042   0.00796854  0.19217643],[-2.1 -1.1  0.   0. ]
[-1.3771589  -0.6542796   0.51508516  1.8240951 ],[-1.292 -0.707  0.644  1.914]
[-1.3617847  -0.65111995  0.6807219   1.8587365 ],[-1.292 -0.707  0.644  1.914]
[-1.4365606  -1.140801    0.34563744 -0.23714116],[-1.  -1.   0.5 -0.5]
[-0.79553807 -0.28032273  0.08409159  0.31114426],[-0.56  -0.123  0.045  0.323]
[-1.4966059  -1.2374496   0.04769061  0.1416179 ],[-1.  -1.  -1.5  1.5]
[-2.0896711  -0.23619966 -1.8690276   1.6131475 ],[-2.071 -0.077 -1.788  1.576]
[-2.4550054 -1.2851905 -2.1487021 -1.6418736],[-2.428 -1.282 -2.128 -1.679]
[-2.550836  -1.2746427 -2.304604  -1.7192938],[-2.428 -1.282 -2.128 -1.679]
[-1.7581503  -1.3493931   0.02042691  0.12331191],[-1.5 -1.3  0.   0. ]
[-1.4050121  -0.70018005  0.1392533   1.6330818 ],[-1.564 -0.566 -0.708  1.404]
[-1.7529829  -1.3638557   0.02479023  0.12539575],[-1.805 -1.468  0.05   0.431]
[-1.2729359 -1.7983645 -1.2350659  1.9986472],[-1.142 -1.81  -1.075  1.903]
[-0.504672   -0.09250085  0.00332021  0.3261126 ],[-0.56  -0.123  0.045  0.323]
[-1.8703396  -1.4332848   0.01390712  0.17789584],[-1.805 -1.468  0.05   0.431]
[-2.2930033 -1.2835209 -1.776599  -1.3000427],[-2.428 -1.282 -2.128 -1.679]
[-1.4815385  -1.2119926   0.08746969  0.08754707],[-1.5 -1.3  0.   0. ]
[-1.9790771 -1.6705425  0.9631494  0.9308814],[-2.  -1.8  1.   1.1]
[-1.3276069 -1.4532152 -0.8710113  1.5747514],[-1.142 -1.81  -1.075  1.903]
[-1.7626772  -1.2446128  -0.14558278  0.14105004],[-2.1 -1.1  0.   0. ]
[-2.110711   -1.8139805   0.31493926 -0.56201315],[-2.  -2.   0.5 -0.5]
[-1.7015147  -0.9569585   0.02891199  0.04124416],[-1.5 -1.   0.   0.1]
[-2.0821006  -1.5954366   0.18642674 -0.25779116],[-2.  -2.   0.5 -0.5]
[-1.5828791  -0.6565718  -0.81964093  1.2515869 ],[-1.  -1.  -1.5  1.5]
[-1.7185879  -1.3402122   0.09140144  0.0109671 ],[-2.  -1.5  0.   0.1]
[-1.8024426  -1.2622349  -0.19000375  0.11541598],[-2.  -2.   0.5 -0.5]
[-2.1795194  -0.09976442 -2.0728874   1.6967301 ],[-2.071 -0.077 -1.788  1.576]
[-0.2206442  -0.50944436 -1.0064096  -1.120259  ],[-0.2 -0.5 -1.  -1.1]
[-1.4157102  -0.67309844  0.19330075  1.5780327 ],[-1.564 -0.566 -0.708  1.404]
[-1.37693    -0.61328554  0.660076    1.800883  ],[-1.564 -0.566 -0.708  1.404]
[-1.4651251  -1.1663461   0.33037168 -0.23483711],[-1.  -1.   0.5 -0.5]
[-1.983305  -1.6831023  0.9188195  1.0216259],[-2.  -1.8  1.   1.1]
[-1.399189   -0.65276     0.40951043  1.771803  ],[-1.292 -0.707  0.644  1.914]
[-1.8535709  -1.2725326  -0.33054313  0.23353475],[-1.5 -1.  -1.5  1.5]
[-0.20975775 -0.5015297  -1.0288161  -1.1127658 ],[-0.2 -0.5 -1.  -1.1]
[-0.6534149  -0.21317494  0.04574285  0.31475833],[-0.56  -0.123  0.045  0.323]
[-1.8508685 -0.900947   1.1007893 -1.1325762],[-2.  -1.   1.5 -1.5]
[-2.493294  -1.2876356 -2.1951416 -1.6729039],[-2.428 -1.282 -2.128 -1.679]
[-1.1689647 -1.1127018 -1.6956218  1.5778571],[-1.  -1.  -1.5  1.5]
[-1.7300918  -1.3822824   0.0751162   0.06173564],[-2.  -1.5  0.   0.1]
[-1.7885699  -1.0156245   0.02601112  0.01852699],[-2.1 -1.1  0.   0. ]
[-1.3896148 -0.2852427  0.9558961  1.1383667],[-1.447 -0.102  1.541  1.316]
[-1.4815478   0.01374426  1.6309351   1.3111324 ],[-1.447 -0.102  1.541  1.316]
[-1.8596334  -1.4311882   0.0336616   0.13098744],[-1.805 -1.468  0.05   0.431]
[-1.4978771  -1.192127    0.28575045 -0.20135441],[-2.  -1.5  0.   0.1]
[-1.3750622  -0.6678324   0.57265514  1.9119161 ],[-1.292 -0.707  0.644  1.914]
[-1.4322288  -1.206527   -0.02373037  0.2560907 ],[-1.  -1.  -1.5  1.5]
[-0.4875543  -0.08636272 -0.04284569  0.2978221 ],[-0.56  -0.123  0.045  0.323]
[-1.7545028  -1.3699639   0.02967528  0.12709922],[-1.5 -1.3  0.   0. ]
[-1.4815216  -1.2274638   0.0345745   0.16690144],[-1.  -1.  -1.5  1.5]
[-1.8353837  -1.0335681   0.02632796  0.00682814],[-2.1 -1.1  0.   0. ]
[-0.5155052  -0.05865797 -0.0331074   0.3212542 ],[-0.56  -0.123  0.045  0.323]
[-2.2150905  -0.07330766 -2.1051812   1.7109796 ],[-2.071 -0.077 -1.788  1.576]
[-1.4670069  -0.02488935  1.5829717   1.2753296 ],[-1.447 -0.102  1.541  1.316]
[-1.4525337  -1.153909    0.31909755 -0.2159738 ],[-1.  -1.   0.5 -0.5]
[-1.4101565  -0.51034546  0.6517391   1.6432619 ],[-1.292 -0.707  0.644  1.914]
[-0.5616539  -0.09057203  0.01973253  0.3271222 ],[-0.56  -0.123  0.045  0.323]
[-1.3877989  -0.7243941   0.46210793  1.8407664 ],[-1.292 -0.707  0.644  1.914]
[-1.9724293 -1.6317611  0.9224715  1.0526582],[-2.  -1.8  1.   1.1]
[-2.3910005 -1.297635  -2.0102386 -1.5094794],[-2.428 -1.282 -2.128 -1.679]
[-2.1035326  -0.16627622 -1.9525393   1.6648867 ],[-2.071 -0.077 -1.788  1.576]
[-1.9817395  -1.6793015   0.91650873  1.0123861 ],[-2.  -1.8  1.   1.1]
[-1.6589365  -0.66635484 -1.0382732   1.3607564 ],[-1.564 -0.566 -0.708  1.404]
[-1.7391648  -1.3621477   0.03203445  0.12065896],[-1.5 -1.3  0.   0. ]
[-1.8543842 -1.0183908  1.2677468 -1.2085108],[-2.  -1.   1.5 -1.5]
[-1.9979482 -1.7142928  0.9352457  1.0404524],[-2.  -1.8  1.   1.1]
[-1.9029822  -1.2694426  -0.53250855  0.04854488],[-2.428 -1.282 -2.128 -1.679]
[-1.9578638  -1.4309376   0.1421943  -0.21608537],[-2.  -2.   0.5 -0.5]
[-1.4661126 -1.0584207 -0.3889627  1.3386375],[-1.  -1.  -1.5  1.5]
[-1.9861274 -1.6909015  0.9244155  1.0244874],[-2.  -1.8  1.   1.1]
[-1.3581352 -0.6280691  0.5832281  1.8985634],[-1.292 -0.707  0.644  1.914]
[-1.3567221 -0.6492451  0.7241899  1.9057698],[-1.292 -0.707  0.644  1.914]
[-0.30990064 -0.5569416  -0.90608793 -1.078451  ],[-0.2 -0.5 -1.  -1.1]
[-1.0923313 -1.0989189 -1.6876279  1.5907933],[-1.  -1.  -1.5  1.5]
[-1.757263   -1.3813418   0.0337497   0.12768123],[-1.805 -1.468  0.05   0.431]
[-1.1152709 -1.0941565 -1.678949   1.5634305],[-1.  -1.  -1.5  1.5]
[-2.0967007  -0.17541118 -2.005092    1.6555989 ],[-2.071 -0.077 -1.788  1.576]
[-1.864852   -1.4311671   0.01035965  0.20273802],[-1.805 -1.468  0.05   0.431]
[-2.4519928 -1.2810669 -2.1529803 -1.6377661],[-2.428 -1.282 -2.128 -1.679]
[-1.4022839  -1.1028559   0.33354136 -0.2550761 ],[-2.  -1.   1.5 -1.5]
[-1.7302501  -1.3716509   0.05181685  0.1041039 ],[-1.805 -1.468  0.05   0.431]
[-1.4933505   0.04302287  1.6587905   1.3293968 ],[-1.447 -0.102  1.541  1.316]
[-1.70786    -0.9500555   0.02898758  0.05103783],[-1.5 -1.   0.   0.1]
[-1.9497051  -0.35858977 -1.7682806   1.5424803 ],[-1.5 -1.  -1.5  1.5]
[-0.5444921  -0.11911784  0.02941668  0.34727067],[-0.56  -0.123  0.045  0.323]
[-1.7480719  -0.99180126  0.02823375  0.03043725],[-2.1 -1.1  0.   0. ]
[-0.24877435 -0.5188035  -1.0030054  -1.1272807 ],[-0.2 -0.5 -1.  -1.1]
[-0.23788261 -0.510433   -1.0326611  -1.1116204 ],[-0.2 -0.5 -1.  -1.1]
[-1.7612069  -1.235777   -0.18878202  0.19735101],[-2.  -1.8  1.   1.1]
[-1.5398648  -1.2353567   0.2532745  -0.17055178],[-2.  -1.5  0.   0.1]
[-1.4414251  -0.16830248  1.3799579   1.1147901 ],[-1.447 -0.102  1.541  1.316]
[-0.20097366 -0.4960209  -1.0342764  -1.112755  ],[-0.2 -0.5 -1.  -1.1]
[-1.6025317  -0.56562155 -0.7530425   1.405796  ],[-1.564 -0.566 -0.708  1.404]
[-1.3872583  -1.0965974   0.34938395 -0.30626667],[-1.  -1.   0.5 -0.5]
[-2.3961847 -1.2978537 -2.0215297 -1.5223551],[-2.428 -1.282 -2.128 -1.679]
[-1.7463632  -1.3727981   0.02543692  0.13471252],[-1.805 -1.468  0.05   0.431]
[-2.554277  -1.2863444 -2.3133888 -1.7170401],[-2.428 -1.282 -2.128 -1.679]
[-1.9617879  -2.0118484   0.47743002 -0.6021808 ],[-2.  -2.   0.5 -0.5]
[-1.4406826  -1.1600375   0.3655708  -0.27550158],[-1.  -1.   0.5 -0.5]
[-1.5386544  -1.2355218   0.23128651 -0.13040331],[-1.5 -1.3  0.   0. ]
[-1.4578936  -1.1783233   0.12301138  0.02013908],[-1.  -1.   0.5 -0.5]
[-1.6870635  -1.3419017   0.05126064  0.09889529],[-2.  -1.5  0.   0.1]
[-1.7576933  -1.234025   -0.18223427  0.19101542],[-2.1 -1.1  0.   0. ]
[-1.5115778  -1.2033701   0.24467109 -0.14347929],[-1.5 -1.3  0.   0. ]
[-1.7214634  -1.3582981   0.04777953  0.10357461],[-1.5 -1.3  0.   0. ]
[-1.1317241  -0.9207269   0.17950034 -0.43400225],[-1.  -1.   0.5 -0.5]
[-1.7107189  -0.9741254   0.0298515   0.03649672],[-1.5 -1.   0.   0.1]
[-0.23318434 -0.514155   -1.0172707  -1.1163661 ],[-0.2 -0.5 -1.  -1.1]
[-1.5139978  -0.69866884 -0.8541224   1.2051222 ],[-1.564 -0.566 -0.708  1.404]
[-1.8421187 -0.8899602  1.0015323 -1.0095017],[-2.  -1.   1.5 -1.5]
[-1.9038897  -1.4499013   0.00247717  0.18164644],[-1.805 -1.468  0.05   0.431]
[-0.1989868  -0.49495655 -1.0220631  -1.1165733 ],[-0.2 -0.5 -1.  -1.1]
[-1.4138436  -1.127172    0.21643908 -0.12319388],[-2.  -1.   1.5 -1.5]
[-1.4442289  -1.154347    0.29339576 -0.18318185],[-1.  -1.   0.5 -0.5]
[-1.7416196  -1.3573644   0.02660083  0.12599662],[-1.805 -1.468  0.05   0.431]
[-1.5389547  -1.2341003   0.23871873 -0.14422432],[-1.805 -1.468  0.05   0.431]
[-1.6304615 -0.6842778 -0.8139007  1.4099633],[-1.564 -0.566 -0.708  1.404]
[-1.0400437  -0.49108818  0.02819443  0.21415985],[-1.5 -1.   0.   0.1]
[-1.3995372  -1.1195177   0.31381857 -0.23478147],[-1.  -1.   0.5 -0.5]
[-0.5180875  -0.07055408 -0.01785289  0.3287242 ],[-0.56  -0.123  0.045  0.323]
[-1.5950935  -1.3023021   0.17374493 -0.0617828 ],[-2.  -1.5  0.   0.1]
[-1.4773319  -1.1730533   0.26733714 -0.16164413],[-2.  -1.5  0.   0.1]
[-0.26367152 -0.5226356  -1.0062953  -1.1368871 ],[-0.2 -0.5 -1.  -1.1]
[-1.7747178  -1.3864405   0.03730413  0.11315509],[-1.805 -1.468  0.05   0.431]
[-1.2912955 -1.1868314 -0.9586592  1.4474883],[-1.  -1.  -1.5  1.5]
[-1.7154434  -1.113013    0.00949403  0.02176399],[-2.1 -1.1  0.   0. ]
[-1.3577797 -0.6685566  0.7067105  1.9077728],[-1.292 -0.707  0.644  1.914]
[-0.24717325 -0.51815104 -1.0130711  -1.1171246 ],[-0.2 -0.5 -1.  -1.1]
[-2.0651798  -1.4647809   0.12226842 -0.1683959 ],[-2.  -2.   0.5 -0.5]
[-1.891717   -1.8018761   0.3267527  -0.51737297],[-2.  -2.   0.5 -0.5]
[-2.0469637  -1.7191752   0.29667905 -0.49166343],[-2.  -2.   0.5 -0.5]
[-1.6186819  -1.319154    0.13589893 -0.00494169],[-1.5 -1.3  0.   0. ]
[-1.542625   -0.64601356 -0.85680485  1.471967  ],[-1.564 -0.566 -0.708  1.404]
[-1.4994384  -1.1945511   0.24431019 -0.1376743 ],[-1.5 -1.3  0.   0. ]
[-1.729984   -1.3639083   0.04287266  0.10933987],[-1.5 -1.3  0.   0. ]
[-1.8919787 -1.1053002 -1.039259   0.9692424],[-1.5 -1.  -1.5  1.5]
[-1.1214106 -1.0756713 -1.6077641  1.5513947],[-1.  -1.  -1.5  1.5]
[-1.444692   -1.2042351  -0.1387145   0.40969864],[-1.292 -0.707  0.644  1.914]
[-1.532239   -1.2410808   0.2051946  -0.08994619],[-1.  -1.   0.5 -0.5]
[-1.4135025  -0.23096345  1.1800255   1.1440606 ],[-1.447 -0.102  1.541  1.316]
[-1.2194388  -0.6193676   0.03140699  0.15856256],[-2.1 -1.1  0.   0. ]
[-1.7169249  -0.99273455  0.9973998  -0.91982615],[-2.  -1.   1.5 -1.5]
[-1.5881429  -0.69799376 -0.974539    1.3349161 ],[-1.564 -0.566 -0.708  1.404]
[-2.5388837 -1.2901742 -2.243126  -1.7189018],[-2.428 -1.282 -2.128 -1.679]
[-1.9704826  -1.6283805   0.91844493  1.0482954 ],[-2.  -1.8  1.   1.1]
[-2.460127  -1.282762  -2.180081  -1.6338314],[-2.428 -1.282 -2.128 -1.679]
[-1.8912628  -1.2934806  -0.3235255   0.13917205],[-1.5 -1.  -1.5  1.5]
[-1.393523   -1.0172933  -0.52354467  0.73720735],[-1.  -1.  -1.5  1.5]
[-1.722893   -1.3589188   0.03797973  0.11728106],[-1.805 -1.468  0.05   0.431]
[-1.4319429  -0.12917149  1.4462305   1.2153357 ],[-1.447 -0.102  1.541  1.316]
[-0.5079981  -0.07554394  0.02384839  0.29838577],[-0.56  -0.123  0.045  0.323]
[-2.0211182  -0.26348093 -1.9190794   1.6119534 ],[-1.5 -1.  -1.5  1.5]
[-1.5675337 -0.6204692 -0.8842825  1.5130186],[-1.564 -0.566 -0.708  1.404]
[-1.6721668  -1.0289072  -0.00324004  0.04366595],[-1.5 -1.   0.   0.1]
[-1.6596344  -1.3021547   0.01805802  0.15217084],[-1.142 -1.81  -1.075  1.903]
[-1.8031809  -1.2584459  -0.21163942  0.16794705],[-1.5 -1.  -1.5  1.5]
[-1.4792544  -1.1840773   0.20619975 -0.07397679],[-2.  -1.5  0.   0.1]
[-0.28096813 -0.5483567  -0.9701144  -1.1330533 ],[-0.2 -0.5 -1.  -1.1]
[-2.1818473  -0.08867227 -2.1333888   1.7288698 ],[-2.071 -0.077 -1.788  1.576]
[-2.4979358 -1.290257  -2.195652  -1.6805357],[-2.428 -1.282 -2.128 -1.679]
[-1.8008795  -1.2358296  -0.03070055  0.07876614],[-2.  -1.8  1.   1.1]
[-1.8243158  -1.4052787   0.02604149  0.14278641],[-2.  -1.5  0.   0.1]
[-1.8469114 -1.014214   1.2547044 -1.1913271],[-2.  -1.   1.5 -1.5]
[-1.8982265  -1.3427503   0.0865702  -0.10138772],[-2.  -2.   0.5 -0.5]
[-1.3756073  -0.6632294   0.59268564  1.9255474 ],[-1.292 -0.707  0.644  1.914]
[-1.4466405  -0.09555319  1.4809477   1.2347358 ],[-1.447 -0.102  1.541  1.316]
[-1.3781452  -0.30034542  0.8978792   1.2120948 ],[-1.564 -0.566 -0.708  1.404]
[-1.2846556  -1.063352    0.26060128 -0.2977514 ],[-1.  -1.   0.5 -0.5]
[-1.7772994  -0.9975496   0.02723645  0.02748106],[-1.5 -1.   0.   0.1]
[-2.0214815  -1.479918    0.16521765 -0.26250884],[-2.  -2.   0.5 -0.5]
[-1.7468259  -1.2176816  -0.21162404  0.22637391],[-1.5 -1.   0.   0.1]
[-1.6310027  -0.5705132  -0.84329385  1.415801  ],[-1.564 -0.566 -0.708  1.404]
[-1.3948734  -1.1118191   0.3800669  -0.36821535],[-2.  -1.   1.5 -1.5]
[-1.7266817  -1.2226387  -0.10190006  0.12991494],[-1.5 -1.   0.   0.1]
[-1.5535321  -1.2478334   0.24106191 -0.15533122],[-2.  -1.5  0.   0.1]
[-1.8890886  -1.4419355   0.01479479  0.17171693],[-2.  -1.5  0.   0.1]
[-0.21366152 -0.5003036  -1.0370197  -1.1109217 ],[-0.2 -0.5 -1.  -1.1]
[-1.5587661  -0.74500686 -0.8337113   1.303501  ],[-1.564 -0.566 -0.708  1.404]
[-1.9929276 -0.2786915 -1.8533505  1.6185925],[-2.071 -0.077 -1.788  1.576]
[-0.2288127  -0.51499677 -1.0113038  -1.1254685 ],[-0.2 -0.5 -1.  -1.1]
[-1.8316798  -1.4220703   0.03371454  0.13368338],[-2.  -1.5  0.   0.1]
[-0.3087477  -0.5579838  -0.90205896 -1.0882838 ],[-0.2 -0.5 -1.  -1.1]
[-1.7232022  -1.3725064   0.06595521  0.07782563],[-2.  -1.5  0.   0.1]
[-1.9013755  -1.4485532   0.00227002  0.1838746 ],[-1.805 -1.468  0.05   0.431]
[-1.5700707 -0.6163809 -0.9252512  1.5525703],[-1.564 -0.566 -0.708  1.404]
[-1.6460197  -0.55981797 -0.9446606   1.586169  ],[-1.564 -0.566 -0.708  1.404]
[-0.8797016  -0.35155258  0.09165461  0.2601497 ],[-1.5 -1.   0.   0.1]
[-1.4800904  -0.83503544  0.05393144  0.07271819],[-2.1 -1.1  0.   0. ]
[-2.4471264 -1.2835598 -2.155008  -1.6245927],[-2.428 -1.282 -2.128 -1.679]
[-1.8024004  -1.0378475   0.03646605 -0.01749448],[-2.1 -1.1  0.   0. ]
[-1.8434818 -0.6083653 -1.4141212  1.4206104],[-1.5 -1.  -1.5  1.5]
[-1.9059222  -1.365834    0.10347342 -0.12754232],[-2.  -2.   0.5 -0.5]
[-1.497623   -1.1945015   0.29411942 -0.21262622],[-2.  -1.5  0.   0.1]
[-1.3017036 -1.483288  -0.8892223  1.6555033],[-1.142 -1.81  -1.075  1.903]
[-2.0998836  -0.18897115 -1.9860018   1.6731256 ],[-2.071 -0.077 -1.788  1.576]
[-2.4515696 -1.3035339 -2.1236048 -1.6233504],[-2.428 -1.282 -2.128 -1.679]
[-1.9550602 -0.3503512 -1.7601788  1.5452902],[-1.5 -1.  -1.5  1.5]
[-1.7997181  -1.0176902   0.02287566  0.0211836 ],[-2.1 -1.1  0.   0. ]
[-1.3505856 -1.3993396 -1.058753   1.6701453],[-1.142 -1.81  -1.075  1.903]
[-0.24460861 -0.5254359  -0.9844677  -1.1224856 ],[-0.2 -0.5 -1.  -1.1]
[-0.18894246 -0.49286813 -1.023913   -1.115581  ],[-0.2 -0.5 -1.  -1.1]
[-2.1336946  -0.08666199 -2.1289818   1.7367878 ],[-2.071 -0.077 -1.788  1.576]
[-1.6160207 -0.5841733 -0.7954187  1.3534994],[-1.564 -0.566 -0.708  1.404]
[-1.4816669  -1.1775907   0.27393717 -0.17245236],[-1.142 -1.81  -1.075  1.903]
[-2.1778054  -0.10866496 -2.088416    1.7101495 ],[-2.071 -0.077 -1.788  1.576]
[-1.5422392 -0.6808812 -0.4946003  1.3940159],[-1.564 -0.566 -0.708  1.404]
[-1.6239755  -0.92004025 -0.00820361  0.12207466],[-2.1 -1.1  0.   0. ]
[-1.9251518 -1.0070996  1.3806086 -1.3670244],[-2.  -1.   1.5 -1.5]
[-1.4655244  -0.02262014  1.5438265   1.2524358 ],[-1.447 -0.102  1.541  1.316]
[-1.7230237  -0.96986836  0.02529216  0.05164934],[-2.1 -1.1  0.   0. ]
[-2.032915  -1.7858758  0.9546879  1.0652466],[-2.  -1.8  1.   1.1]
[-1.1626287 -1.0057056 -1.3820888  1.4571233],[-1.  -1.  -1.5  1.5]
[-1.8492329  -1.414735    0.03244376  0.13846242],[-2.  -1.5  0.   0.1]
[-1.2164378 -1.8799125 -1.2165875  1.9792739],[-1.142 -1.81  -1.075  1.903]
[-1.8099916  -1.0117657   0.0327599   0.00766629],[-1.5 -1.   0.   0.1]
[-1.2689912 -1.0457028  0.2245981 -0.289042 ],[-1.  -1.   0.5 -0.5]
[-2.057892   -0.23636967 -1.9131712   1.6201035 ],[-2.071 -0.077 -1.788  1.576]
[-1.3926717 -0.6442543  0.471736   1.8117026],[-1.292 -0.707  0.644  1.914]
[-2.0908175 -0.1826393 -1.919151   1.6554463],[-2.071 -0.077 -1.788  1.576]
[-1.0457036 -1.0087463 -1.5856558  1.5775278],[-1.  -1.  -1.5  1.5]
[-1.1125358 -1.1131033 -1.7206166  1.5978287],[-1.  -1.  -1.5  1.5]
[-2.1136663  -0.17727879 -2.0047007   1.6976578 ],[-2.071 -0.077 -1.788  1.576]
[-1.7298267  -1.3201973   0.02850151  0.10059199],[-1.5 -1.3  0.   0. ]
[-1.4499992  -1.2140975   0.01152351  0.21176966],[-2.  -1.5  0.   0.1]
[-1.4742649  -1.1707975   0.27849793 -0.17637137],[-1.142 -1.81  -1.075  1.903]
[-0.2580856 -0.5269686 -1.0106012 -1.1161432],[-0.2 -0.5 -1.  -1.1]
[-1.4863683 -0.945171  -0.6557878  1.1388861],[-2.  -1.   1.5 -1.5]
[-1.4817684 -1.1910644  0.3614443 -0.2633137],[-1.  -1.   0.5 -0.5]
[-1.1724629 -1.1142416 -1.7063813  1.5796881],[-1.  -1.  -1.5  1.5]
[-2.0921834  -1.5940013   0.18177594 -0.2374019 ],[-2.  -2.   0.5 -0.5]
[-2.4707592 -1.2905133 -2.1805005 -1.6354303],[-2.428 -1.282 -2.128 -1.679]
[-1.4827158  -0.6976815  -0.20919982  1.4822565 ],[-1.564 -0.566 -0.708  1.404]
[-2.439272  -1.2828524 -2.1522183 -1.6139364],[-2.428 -1.282 -2.128 -1.679]
[-1.2794814 -1.2810259 -1.0046569  1.5729928],[-2.  -1.   1.5 -1.5]
[-1.4840288  -1.2055295   0.11906509  0.04067002],[-1.142 -1.81  -1.075  1.903]
[-1.3479831  -0.62693787  0.59706104  1.9238125 ],[-1.292 -0.707  0.644  1.914]
[-0.2519517 -0.5280765 -0.9939367 -1.135298 ],[-0.2 -0.5 -1.  -1.1]
[-1.4653937  -0.9093734  -0.25910145  1.2078519 ],[-1.292 -0.707  0.644  1.914]
[-1.6716993  -1.3541324  -0.16282389  0.40931392],[-1.142 -1.81  -1.075  1.903]
[-0.19211042 -0.50606036 -1.0106983  -1.1188836 ],[-0.2 -0.5 -1.  -1.1]
[-1.6661952  -0.9393581  -0.01202337  0.10115463],[-1.5 -1.   0.   0.1]
[-1.9651215  -1.6271918   0.22681986 -0.11501435],[-2.  -1.8  1.   1.1]
[-1.4064592  -0.7072898   0.05767309  1.5807296 ],[-1.292 -0.707  0.644  1.914]
[-1.8303893  -1.4028904   0.02896904  0.13485524],[-2.  -1.5  0.   0.1]
[-2.1809866  -0.04905123 -2.15959     1.7662295 ],[-2.071 -0.077 -1.788  1.576]
[-1.725431   -0.9734876   0.01098682  0.0654233 ],[-1.5 -1.   0.   0.1]
[-1.4756627  -1.1736935   0.26717287 -0.16041458],[-1.142 -1.81  -1.075  1.903]
[-1.7877648  -1.2246509  -0.0332567   0.07507264],[-2.  -1.8  1.   1.1]
[-1.4272118  -0.12246637  1.4688925   1.2189357 ],[-1.447 -0.102  1.541  1.316]
[-1.5272672  -0.8536665   0.04960532  0.07257937],[-2.1 -1.1  0.   0. ]
[-1.4792938  -1.1819382   0.3772328  -0.27994192],[-1.  -1.   0.5 -0.5]
[-1.0990449 -1.0181057 -1.5095514  1.518609 ],[-1.  -1.  -1.5  1.5]
[-1.1133516 -1.004137  -1.5579414  1.5429525],[-1.  -1.  -1.5  1.5]
[-1.5189009  -1.212664    0.2655584  -0.17242518],[-1.  -1.   0.5 -0.5]
[-0.6453625  -0.18860674  0.0775705   0.32085964],[-0.56  -0.123  0.045  0.323]
[-0.2797948  -0.5426236  -0.97334915 -1.1382678 ],[-0.2 -0.5 -1.  -1.1]
[-1.6951563  -0.74100834 -1.6929722   1.5949966 ],[-1.5 -1.  -1.5  1.5]
[-0.5928619  -0.16025805  0.0527064   0.305528  ],[-0.56  -0.123  0.045  0.323]
[-1.8572807  -1.4390649   0.00303081  0.22816968],[-1.805 -1.468  0.05   0.431]
[-0.47514635 -0.04086247  0.00511404  0.29436997],[-0.56  -0.123  0.045  0.323]
[-1.6096094  -0.53094435 -0.75202304  1.4719205 ],[-1.564 -0.566 -0.708  1.404]
[-1.511054   -1.2352341   0.29692823 -0.21547404],[-1.805 -1.468  0.05   0.431]
[-1.4981635   0.06399977  1.6905957   1.3469622 ],[-1.447 -0.102  1.541  1.316]
[-1.6643126e+00 -9.9154228e-01  9.0481713e-04  4.9642041e-02],[-2.1 -1.1  0.   0. ]
[-1.4669373  -1.1695361   0.23991844 -0.12040349],[-1.142 -1.81  -1.075  1.903]
[-1.8725197  -1.296758   -0.0218428   0.06824674],[-2.  -1.8  1.   1.1]
[-2.0350451  -1.8049003   0.34421045 -0.53192085],[-2.  -2.   0.5 -0.5]
[-1.5878026  -0.8928361   0.0643799   0.05285477],[-2.1 -1.1  0.   0. ]
[-1.4746654  -1.2134771   0.06675628  0.1161319 ],[-1.142 -1.81  -1.075  1.903]
[-1.456054   -0.05047607  1.5183      1.2458193 ],[-1.447 -0.102  1.541  1.316]
[-2.4512627 -1.2848316 -2.1579537 -1.6271894],[-2.428 -1.282 -2.128 -1.679]
[-2.350461  -1.2983699 -1.9189844 -1.416441 ],[-2.428 -1.282 -2.128 -1.679]
[-1.44737    -1.1510974   0.31622112 -0.20952526],[-1.  -1.   0.5 -0.5]
[-1.531102   -1.2527276   0.1672602  -0.03799079],[-1.142 -1.81  -1.075  1.903]
[-1.427721   -1.136956    0.1938382  -0.09341723],[-2.  -1.   1.5 -1.5]
[-1.7995584  -1.4031385   0.03745018  0.12127189],[-2.  -1.5  0.   0.1]
[-1.710593   -1.3419057   0.01658339  0.13436005],[-2.  -1.5  0.   0.1]
[-1.7226126  -0.73027873 -1.7267238   1.5909368 ],[-1.5 -1.  -1.5  1.5]
[-1.8312261e+00 -1.1066729e+00  1.1615347e-02 -1.6627535e-03],[-2.1 -1.1  0.   0. ]
[-1.1791887 -1.5824181 -1.0994612  1.7176414],[-1.142 -1.81  -1.075  1.903]
[-1.7321491  -1.322319    0.03255584  0.09212766],[-1.5 -1.3  0.   0. ]
[-1.3029597 -1.7644112 -1.1826833  1.8394454],[-1.142 -1.81  -1.075  1.903]
[-1.457241  -0.0438039  1.5328959  1.2734797],[-1.447 -0.102  1.541  1.316]
[-2.0286944  -1.7838577   0.95452726  1.0660619 ],[-2.  -1.8  1.   1.1]
[-1.4976494   0.05947551  1.6875236   1.3453734 ],[-1.447 -0.102  1.541  1.316]
[-1.6141875  -0.91983545  0.02792586  0.06405048],[-2.1 -1.1  0.   0. ]
[-1.7958066  -1.3989204   0.02365032  0.16396365],[-1.805 -1.468  0.05   0.431]
[-1.3905292  -0.26649398  1.0059829   1.1976197 ],[-1.564 -0.566 -0.708  1.404]
[-1.7761965  -0.9913707   0.7361509  -0.81625044],[-2.  -1.   1.5 -1.5]
[-1.6590784  -1.3287772   0.07079743  0.07600459],[-2.  -1.5  0.   0.1]
[-1.5655985  -1.2693257   0.21454278 -0.09813211],[-1.  -1.   0.5 -0.5]
[-1.47596    -1.1920935   0.29021865 -0.18682891],[-1.  -1.   0.5 -0.5]
[-0.24067214 -0.51354    -1.0077008  -1.1357288 ],[-0.2 -0.5 -1.  -1.1]
[-1.4769443   0.02347851  1.5963559   1.2925298 ],[-1.447 -0.102  1.541  1.316]
[-0.910799   -0.40151802  0.07711753  0.2769344 ],[-1.5 -1.   0.   0.1]
[-1.7365549  -1.3619215   0.03508633  0.11810125],[-1.5 -1.3  0.   0. ]
[-2.0021374 -1.7231474  0.9466104  1.0586083],[-2.  -1.8  1.   1.1]
[-1.2940977 -1.7462764 -1.2326069  1.9066571],[-1.142 -1.81  -1.075  1.903]
[-1.4378623  -0.12395991  1.461191    1.1939464 ],[-1.447 -0.102  1.541  1.316]
[-1.5506105  -1.2451876   0.2428072  -0.15791422],[-2.  -1.5  0.   0.1]
[-1.7332139  -1.3650424   0.03773914  0.1169065 ],[-1.5 -1.3  0.   0. ]
[-1.3773208  -1.1109011   0.2793203  -0.22256762],[-1.  -1.  -1.5  1.5]
[-1.7393637  -0.9876423   0.02288591  0.04067972],[-1.5 -1.   0.   0.1]
[-1.7522418  -0.99019957  0.01921887  0.04447811],[-1.5 -1.   0.   0.1]
[-1.8903811  -1.2928169  -0.3164084   0.12988764],[-1.5 -1.  -1.5  1.5]
[-1.8001165  -0.59744173 -1.7664393   1.5897204 ],[-1.5 -1.  -1.5  1.5]
[-1.6588225  -0.9560572  -0.00646213  0.09286228],[-1.5 -1.   0.   0.1]
[-1.8790879  -1.4374404   0.01227782  0.17204636],[-1.805 -1.468  0.05   0.431]
[-0.4698961  -0.02286792  0.04204774  0.32180426],[-0.56  -0.123  0.045  0.323]
[-0.48936743 -0.06112269 -0.0051413   0.30895722],[-0.56  -0.123  0.045  0.323]
[-1.3748007  -0.6775441   0.46764123  1.842701  ],[-1.292 -0.707  0.644  1.914]
[-1.8300376 -0.5531833 -1.8249491  1.6107907],[-1.5 -1.  -1.5  1.5]
[-2.0560362  -1.7790194   0.25666508 -0.56214505],[-2.  -2.   0.5 -0.5]
[-2.1055071  -0.20706782 -1.9462572   1.6433179 ],[-2.071 -0.077 -1.788  1.576]
[-1.273686  -1.7999065 -1.2363384  2.008721 ],[-1.142 -1.81  -1.075  1.903]
[-1.7327085  -0.9856545   0.02209132  0.04352561],[-1.5 -1.   0.   0.1]
[-1.7848976  -1.0154067   0.02781049  0.01635913],[-1.5 -1.   0.   0.1]
[-1.3474913  -0.66503173  0.7027965   1.9105996 ],[-1.292 -0.707  0.644  1.914]
[-1.4731243  -0.8197234   0.0495727   0.07994208],[-2.1 -1.1  0.   0. ]
[-1.3006635  -1.0004694   0.34835908 -0.40699777],[-2.  -1.   1.5 -1.5]
[-1.7346032  -1.2326024  -0.04802412  0.07037862],[-1.5 -1.   0.   0.1]
[-2.55033   -1.2911229 -2.2561278 -1.7284987],[-2.428 -1.282 -2.128 -1.679]
[-1.381352   -0.74805665  0.03615914  0.11884709],[-2.1 -1.1  0.   0. ]
[-0.29353637 -0.5552453  -0.9721026  -1.1307695 ],[-0.2 -0.5 -1.  -1.1]
[-1.572973   -1.2733762   0.21846692 -0.12290478],[-2.  -1.5  0.   0.1]
[-0.3726829  -0.59534895 -0.7189207  -0.9100301 ],[-0.2 -0.5 -1.  -1.1]
[-2.555729  -1.2882311 -2.243249  -1.7453434],[-2.428 -1.282 -2.128 -1.679]
[-2.1818104  -0.12169814 -2.069394    1.6953516 ],[-2.071 -0.077 -1.788  1.576]
[-2.0703585  -1.5492458   0.16356565 -0.21136895],[-2.  -2.   0.5 -0.5]
[-1.922795   -0.37502566 -1.741315    1.5425893 ],[-1.5 -1.  -1.5  1.5]
[-1.8476217 -0.9349606  1.0649222 -1.1391726],[-2.  -1.   1.5 -1.5]
[-1.6029544  -1.3086753   0.15956107 -0.04322044],[-2.  -1.5  0.   0.1]
[-1.6033733  -0.8488499  -0.91771626  1.253783  ],[-2.  -1.   1.5 -1.5]
[-1.480268  -0.987888  -1.0815182  1.4588542],[-1.  -1.  -1.5  1.5]
[-1.7222338  -1.3606921   0.0515959   0.09835101],[-1.5 -1.3  0.   0. ]
[-1.4543542  -1.2095904   0.04079072  0.16513684],[-1.  -1.   0.5 -0.5]
[-1.5213656  -0.67309046 -0.86059856  1.4478483 ],[-1.564 -0.566 -0.708  1.404]
[-1.7826252  -1.3773139   0.02691217  0.12827569],[-1.805 -1.468  0.05   0.431]
[-1.7155368  -1.2947956   0.02821343  0.08691805],[-1.5 -1.3  0.   0. ]
[-1.4715543  -0.33219433  0.9989963   1.3733947 ],[-1.564 -0.566 -0.708  1.404]
[-1.4917204   0.04075775  1.665908    1.3339083 ],[-1.447 -0.102  1.541  1.316]
[-2.1044345  -0.19029431 -1.9803759   1.6695812 ],[-2.071 -0.077 -1.788  1.576]
[-1.9422042  -1.3061972   0.07565057 -0.12032006],[-2.  -2.   0.5 -0.5]
[-2.2047663  -0.07438959 -2.113955    1.7281071 ],[-2.071 -0.077 -1.788  1.576]
[-1.8223009  -1.4075286   0.03296186  0.13271567],[-1.805 -1.468  0.05   0.431]
[-1.5258391  -1.2195816   0.25261074 -0.15856633],[-1.5 -1.3  0.   0. ]
[-0.447351   -0.01450437 -0.02249807  0.30677703],[-0.56  -0.123  0.045  0.323]
[-1.5827458  -0.60940194 -0.9098293   1.5410659 ],[-1.564 -0.566 -0.708  1.404]
[-1.5578473  -1.2628592   0.05637955  0.13470784],[-1.  -1.  -1.5  1.5]
[-1.3959261  -1.1108084   0.36722133 -0.34464878],[-2.  -1.   1.5 -1.5]
[-2.1214364 -0.1483941 -2.028991   1.67411  ],[-2.071 -0.077 -1.788  1.576]
[-1.7348273  -1.2141435  -0.18261288  0.21666816],[-1.5 -1.   0.   0.1]
[-1.7909853  -1.0070956   0.0270087   0.02100529],[-2.1 -1.1  0.   0. ]
[-0.72733337 -0.81033367 -0.3940658  -0.5888898 ],[-0.2 -0.5 -1.  -1.1]
[-1.4061126  -0.16472954  1.377182    1.177072  ],[-1.447 -0.102  1.541  1.316]
[-1.4684293  -0.97080016 -0.30861837  1.1254811 ],[-1.292 -0.707  0.644  1.914]
[-1.4634963  -0.80918336  0.05712903  0.07970984],[-1.5 -1.   0.   0.1]
[-1.8198707  -1.2584252  -0.29266655  0.1828973 ],[-2.428 -1.282 -2.128 -1.679]
[-1.8135662  -1.4038597   0.02888355  0.1362454 ],[-2.  -1.5  0.   0.1]
[-0.4236954   0.01785311 -0.06575595  0.32101756],[-0.56  -0.123  0.045  0.323]
[-1.2714727  -1.0041089   0.2969017  -0.43115827],[-1.  -1.   0.5 -0.5]
[-0.6077371  -0.16480295  0.09531106  0.33175862],[-0.56  -0.123  0.045  0.323]
[-1.9511104  -1.6277015   0.88962895  1.0068123 ],[-2.  -1.8  1.   1.1]
[-1.8325775  -1.031318    0.0242509   0.01067052],[-2.1 -1.1  0.   0. ]
[-1.980417   -1.673482    0.91424984  1.0211921 ],[-2.  -1.8  1.   1.1]
[-1.452255   -0.06744477  1.5172933   1.2575428 ],[-1.447 -0.102  1.541  1.316]
[-1.6317477 -0.8793325 -1.5981387  1.5940229],[-1.5 -1.  -1.5  1.5]
[-1.4718847  -1.1994557   0.18804912 -0.03710137],[-1.  -1.  -1.5  1.5]
[-1.3930315  -1.1198612   0.28445384 -0.21389529],[-1.  -1.  -1.5  1.5]
[-1.5865972 -0.9484961 -1.618333   1.6070011],[-1.5 -1.  -1.5  1.5]
[-1.7611716  -1.3837922   0.04925707  0.09910225],[-2.  -1.5  0.   0.1]
[-1.9626148  -0.33208308 -1.7989051   1.5680013 ],[-1.5 -1.  -1.5  1.5]
[-1.5022395  -0.61650455 -0.79352933  1.2124974 ],[-1.564 -0.566 -0.708  1.404]
[-1.5434632  -0.6643385  -0.84815663  1.4758935 ],[-1.564 -0.566 -0.708  1.404]
[-2.0186641 -1.8090093  0.2490412 -0.5785264],[-2.  -2.   0.5 -0.5]
[-1.7306969  -1.3658999   0.0327384   0.11583083],[-2.  -1.5  0.   0.1]
[-1.4616382  -0.03224558  1.5418316   1.240057  ],[-1.447 -0.102  1.541  1.316]
[-2.1191926  -0.17726049 -2.00124     1.6863332 ],[-2.071 -0.077 -1.788  1.576]
[-2.0333622 -1.7933488  0.9557393  1.0673621],[-2.  -1.8  1.   1.1]
[-1.8224657  -1.4215422   0.05108109  0.10885788],[-1.805 -1.468  0.05   0.431]
[-1.2403936 -1.4676958 -1.2772207  1.8160247],[-1.142 -1.81  -1.075  1.903]
[-1.8062394 -0.5738665 -1.7162911  1.564225 ],[-1.5 -1.  -1.5  1.5]
[-1.8889859  -1.442485    0.01681487  0.17109284],[-2.  -1.5  0.   0.1]
[-1.2628973  -0.986692   -0.12715207  0.34435558],[-1.  -1.  -1.5  1.5]
[-2.168441  -1.2329755 -1.5366609 -1.047373 ],[-2.428 -1.282 -2.128 -1.679]
[-2.186601   -0.09416711 -2.078253    1.7031114 ],[-2.071 -0.077 -1.788  1.576]
[-1.8493006 -1.0175918  1.2568942 -1.194838 ],[-2.  -1.   1.5 -1.5]
[-1.3828392 -0.6494063  0.5572162  1.8584237],[-1.292 -0.707  0.644  1.914]
[-1.3767588  -0.66770345  0.5877622   1.9281242 ],[-1.292 -0.707  0.644  1.914]
[-1.4118977  -1.1615694   0.30454108 -0.24070087],[-1.  -1.   0.5 -0.5]
[-1.4977872   0.05600378  1.6701882   1.3362713 ],[-1.447 -0.102  1.541  1.316]
[-1.830497   -1.2633301   0.0567253  -0.03564825],[-2.  -2.   0.5 -0.5]
[-2.5490181 -1.2903217 -2.2496967 -1.730104 ],[-2.428 -1.282 -2.128 -1.679]
[-1.6513226  -1.3219562  -0.14599164  0.38310176],[-1.564 -0.566 -0.708  1.404]
[-1.4073455  -1.1228076   0.36799747 -0.32511088],[-2.  -1.   1.5 -1.5]
[-2.5200276 -1.2753375 -2.2603002 -1.6891568],[-2.428 -1.282 -2.128 -1.679]
[-2.0226624  -1.703296    0.53998345  0.3898871 ],[-2.  -1.8  1.   1.1]
[-1.7774234  -1.0202634   0.03746859 -0.00458231],[-1.5 -1.   0.   0.1]
[-1.2628448  -1.0229491   0.27161714 -0.35990074],[-2.  -1.   1.5 -1.5]
[-1.8947644  -1.4452107   0.0061763   0.17842805],[-1.805 -1.468  0.05   0.431]
[-1.9461546  -1.6169453   0.8761228   0.97192514],[-2.  -1.8  1.   1.1]
[-1.7388208  -0.9862675   0.01560337  0.05286901],[-2.1 -1.1  0.   0. ]
[-1.5480468  -1.2588065   0.05336224  0.1398255 ],[-1.  -1.  -1.5  1.5]
[-1.0222114 -1.0103261 -1.6250473  1.6114602],[-1.  -1.  -1.5  1.5]
[-1.3079638 -1.87626   -1.2821889  2.018934 ],[-1.142 -1.81  -1.075  1.903]
[-1.6009586  -0.64318526 -0.8190172   1.282695  ],[-1.564 -0.566 -0.708  1.404]
[-1.3625143  -0.63501686  0.72936046  1.8910877 ],[-1.292 -0.707  0.644  1.914]
[-1.4508897  -1.1528723   0.31907865 -0.21473888],[-1.  -1.   0.5 -0.5]
[-1.5296282  -0.66829515 -0.84634286  1.4815468 ],[-1.564 -0.566 -0.708  1.404]
[-1.76267    -1.0014892   0.02020592  0.03277386],[-1.5 -1.   0.   0.1]
[-1.3797009  -1.206981   -0.08529019  0.3858624 ],[-2.  -1.   1.5 -1.5]
[-2.1403046 -0.1290761 -2.0704422  1.6904042],[-2.071 -0.077 -1.788  1.576]
[-1.2941868 -1.7444096 -1.2279176  1.9225087],[-1.142 -1.81  -1.075  1.903]
[-1.1386476 -1.6131728 -1.2603241  1.8609443],[-1.142 -1.81  -1.075  1.903]
[-1.3549194  -1.0704317   0.3539406  -0.35576808],[-1.  -1.   0.5 -0.5]
[-1.711144   -1.3598223   0.06109723  0.08298094],[-1.5 -1.3  0.   0. ]
[-1.9678922  -0.33263943 -1.7585493   1.5492238 ],[-1.5 -1.  -1.5  1.5]
[-1.3091395  -1.0829983   0.07442498 -0.07831255],[-0.2 -0.5 -1.  -1.1]
[-1.5626221 -0.6336985 -0.8917699  1.5123937],[-1.564 -0.566 -0.708  1.404]
[-1.6753166  -0.9429978  -0.00363236  0.0977926 ],[-1.5 -1.   0.   0.1]
[-1.9658203 -1.6391801  0.9011677  1.0083663],[-2.  -1.8  1.   1.1]
[-1.4931753   0.05940998  1.6958563   1.3752526 ],[-1.447 -0.102  1.541  1.316]
[-1.4830515   0.02035534  1.6312915   1.3032559 ],[-1.447 -0.102  1.541  1.316]
[-0.2784618 -0.5527674 -0.9699225 -1.1376104],[-0.2 -0.5 -1.  -1.1]
[-1.8001077  -1.0195768   0.02454004  0.01751129],[-2.1 -1.1  0.   0. ]
[-1.415463  -1.2316265 -0.6329183  1.0675625],[-2.  -1.   1.5 -1.5]
[-0.25679386 -0.51930356 -1.0072348  -1.137084  ],[-0.2 -0.5 -1.  -1.1]
[-1.3526852  -1.0755839   0.32887635 -0.35101917],[-1.  -1.   0.5 -0.5]
[-1.7579203  -1.2322876  -0.19712871  0.2104677 ],[-2.  -1.8  1.   1.1]
[-2.446594  -1.2849774 -2.151886  -1.6232996],[-2.428 -1.282 -2.128 -1.679]
[-2.0786793  -1.9499611   0.40350363 -0.5297509 ],[-2.  -1.8  1.   1.1]
[-1.7748601  -1.3729923   0.02684586  0.12719649],[-1.805 -1.468  0.05   0.431]
[-1.855304   -1.4123467   0.02188493  0.1258553 ],[-2.  -1.5  0.   0.1]
[-1.4711378  -1.17123     0.2708259  -0.16386166],[-1.  -1.   0.5 -0.5]
[-1.9193723 -1.0046444  1.3753135 -1.3648304],[-2.  -1.   1.5 -1.5]
[-0.20761329 -0.50332874 -1.0153729  -1.1188502 ],[-0.2 -0.5 -1.  -1.1]
[-1.3922846 -1.0929531 -1.300237   1.6864178],[-1.  -1.  -1.5  1.5]
[-1.3366945  -0.71445155 -0.01584122  0.1513085 ],[-0.56  -0.123  0.045  0.323]
[-0.48740155 -0.05147576  0.01470431  0.29660287],[-0.56  -0.123  0.045  0.323]
[-1.2801548 -1.7968297 -1.2403228  2.0029628],[-1.142 -1.81  -1.075  1.903]
[-1.6145349  -0.71826196 -0.8679186   1.2737755 ],[-1.  -1.  -1.5  1.5]
[-1.5464654  -1.2665803   0.17604063 -0.04978041],[-1.805 -1.468  0.05   0.431]
[-0.26487464 -0.53263026 -0.9761583  -1.1233304 ],[-0.2 -0.5 -1.  -1.1]
[-0.25861883 -0.52556646 -1.0019299  -1.1168723 ],[-0.2 -0.5 -1.  -1.1]
[-1.7937307  -1.0010629   0.0312204   0.01676613],[-1.5 -1.   0.   0.1]
[-2.1855702  -0.11736989 -2.0904427   1.6959584 ],[-2.071 -0.077 -1.788  1.576]
[-0.25566962 -0.52194387 -0.9978021  -1.1245869 ],[-0.2 -0.5 -1.  -1.1]
[-1.2768295 -1.8062332 -1.2400419  2.005554 ],[-1.142 -1.81  -1.075  1.903]
[-1.3635777 -1.0464123 -1.1615578  1.530279 ],[-1.  -1.  -1.5  1.5]
[-2.5215192 -1.3113017 -2.2709768 -1.681426 ],[-2.428 -1.282 -2.128 -1.679]
[-1.9309611  -2.0113158   0.38975218 -0.6750402 ],[-2.  -2.   0.5 -0.5]
[-1.4595767  -1.1619303   0.30563426 -0.1940901 ],[-1.  -1.   0.5 -0.5]
[-1.8178344  -0.79719484  1.1425571  -1.1563466 ],[-2.  -1.   1.5 -1.5]
[-1.7335007  -1.3075795   0.01467001  0.11609379],[-1.5 -1.3  0.   0. ]
[-1.4212534 -0.139136   1.4342018  1.2054342],[-1.447 -0.102  1.541  1.316]
[-2.1720243  -0.12888643 -2.065989    1.6971312 ],[-2.071 -0.077 -1.788  1.576]
[-1.4622182  -0.05926377  1.5468177   1.3006397 ],[-1.447 -0.102  1.541  1.316]
[-1.6280615  -0.9635641  -0.06288731  0.11320206],[-2.1 -1.1  0.   0. ]
[-1.8517258  -1.4227111   0.01993598  0.17197222],[-1.805 -1.468  0.05   0.431]
[-2.031246  -1.7901566  0.9556346  1.067258 ],[-2.  -1.8  1.   1.1]
[-1.6320336  -1.3199973   0.10073468  0.04308998],[-2.  -1.5  0.   0.1]
[-1.477227   -1.1745601   0.26812223 -0.1627349 ],[-1.142 -1.81  -1.075  1.903]
[-1.6623547  -0.99243385 -0.00289511  0.05539194],[-2.1 -1.1  0.   0. ]
[-2.5581589 -1.2911307 -2.258441  -1.7391113],[-2.428 -1.282 -2.128 -1.679]
[-1.2370827 -1.3860645 -1.1779577  1.6980157],[-1.142 -1.81  -1.075  1.903]
[-1.4891248  -1.1815639   0.27229536 -0.17560515],[-2.  -1.5  0.   0.1]
[-1.4328225  -1.1954095   0.03246772  0.16387367],[-2.  -1.   1.5 -1.5]
[-1.4651549  -0.03919715  1.568144    1.2641954 ],[-1.447 -0.102  1.541  1.316]
[-1.4540639  -1.1751708   0.23314682 -0.10001881],[-1.  -1.  -1.5  1.5]
[-1.5483894  -1.2684684   0.17987792 -0.05587921],[-1.805 -1.468  0.05   0.431]
[-0.8014785  -0.32484356  0.10205872  0.27435288],[-0.56  -0.123  0.045  0.323]
[-1.3046582 -1.6995313 -1.0663915  1.7340801],[-1.142 -1.81  -1.075  1.903]
[-1.4335198  -0.56582546  0.32366502  1.4973553 ],[-1.564 -0.566 -0.708  1.404]
[-1.4138505 -1.1108677  0.3601942 -0.2693623],[-1.  -1.   0.5 -0.5]
[-1.3977239  -0.7782429   0.27395794  1.5826626 ],[-1.292 -0.707  0.644  1.914]
[-1.5204444  -0.65682745 -0.8521263   1.3880917 ],[-1.564 -0.566 -0.708  1.404]
[-0.48388052 -0.0527077  -0.0038424   0.29623327],[-0.56  -0.123  0.045  0.323]
[-1.4020474  -0.68681616  0.26127112  1.7039111 ],[-1.292 -0.707  0.644  1.914]
[-1.3018962 -1.7630931 -1.2579321  1.912133 ],[-1.142 -1.81  -1.075  1.903]
[-1.8769975  -1.4360776   0.01302519  0.17095527],[-1.805 -1.468  0.05   0.431]
[-1.9550035 -1.6327081  0.8937343  1.0021384],[-2.  -1.8  1.   1.1]
[-2.0157588  -0.26626644 -1.8779441   1.5935618 ],[-1.5 -1.  -1.5  1.5]
[-1.4413993  -0.10308219  1.5061344   1.2570915 ],[-1.447 -0.102  1.541  1.316]
[-1.4458866  -1.1507633   0.3142747  -0.20666772],[-1.  -1.   0.5 -0.5]
[-1.9308412  -2.001932    0.46885586 -0.6310083 ],[-2.  -2.   0.5 -0.5]
[-1.3927727 -0.56337    0.7763095  1.8062221],[-1.292 -0.707  0.644  1.914]
[-1.4475517  -0.78689456 -0.12711646  1.4019262 ],[-1.564 -0.566 -0.708  1.404]
[-1.2381123  -0.99160683  0.27209726 -0.39104638],[-1.  -1.   0.5 -0.5]
[-1.3661563  -0.735847    0.44395196  1.8295603 ],[-1.292 -0.707  0.644  1.914]
[-1.8105605  -1.2764887  -0.17995656  0.0621374 ],[-2.  -2.   0.5 -0.5]
[-1.5130491  -0.71138483 -0.8040542   1.190623  ],[-1.564 -0.566 -0.708  1.404]
[-1.206676  -1.3857342 -1.3472643  1.7882211],[-1.  -1.  -1.5  1.5]
[-0.255684  -0.525587  -1.0107659 -1.1160994],[-0.2 -0.5 -1.  -1.1]
[-1.8399525  -1.4162326   0.02227397  0.17063516],[-1.805 -1.468  0.05   0.431]
[-1.4335594  -1.2050219   0.00762961  0.21079886],[-1.142 -1.81  -1.075  1.903]
[-1.2444514  -1.0234424   0.22608204 -0.35767034],[-1.  -1.   0.5 -0.5]
[-1.4812901  0.0120391  1.6273459  1.2945993],[-1.447 -0.102  1.541  1.316]
[-1.9632802  -1.6508358   0.90006864  1.0009027 ],[-2.  -1.8  1.   1.1]
[-1.1719918  -0.5833355   0.01862462  0.18235922],[-2.1 -1.1  0.   0. ]
[-0.21237817 -0.51059425 -1.0151297  -1.124356  ],[-0.2 -0.5 -1.  -1.1]
[-1.5234187  -1.2172997   0.26007336 -0.16791779],[-1.5 -1.3  0.   0. ]
[-1.8490884  -1.4243375   0.0311385   0.12908912],[-2.  -1.5  0.   0.1]
[-1.3573413  -0.64190274  0.60334855  1.9375572 ],[-1.292 -0.707  0.644  1.914]
[-1.862606   -1.4319217   0.0301754   0.14633012],[-1.805 -1.468  0.05   0.431]
[-1.5430784  -1.2636384   0.17617324 -0.0494063 ],[-1.805 -1.468  0.05   0.431]
[-1.8584528  -1.2777215  -0.02529684  0.07531693],[-2.  -1.8  1.   1.1]
[-0.5572672  -0.12362736  0.01767584  0.3329104 ],[-0.56  -0.123  0.045  0.323]
[-0.5087948  -0.05914202  0.06099141  0.3261314 ],[-0.56  -0.123  0.045  0.323]
[-1.6679864  -0.9431627   0.03632132  0.05029721],[-1.5 -1.   0.   0.1]
[-2.1854703  -0.04744437 -2.159144    1.7658863 ],[-2.071 -0.077 -1.788  1.576]
[-2.4982793 -1.2879472 -2.1950023 -1.6815364],[-2.428 -1.282 -2.128 -1.679]
[-0.20438054 -0.49812913 -1.017151   -1.1166333 ],[-0.2 -0.5 -1.  -1.1]
[-1.3419961 -1.6468256 -0.9849182  1.6489067],[-1.142 -1.81  -1.075  1.903]
[-1.8156214  -1.28416    -0.17155136  0.04314219],[-2.  -2.   0.5 -0.5]
[-1.911624  -1.5707235  0.8230744  0.9343856],[-2.  -1.8  1.   1.1]
[-0.54492354 -0.11897752  0.03728399  0.3502897 ],[-0.56  -0.123  0.045  0.323]
[-1.4569297  -0.07475941  1.528164    1.2405423 ],[-1.447 -0.102  1.541  1.316]
[-0.5179486  -0.09321481  0.02505822  0.33144227],[-0.56  -0.123  0.045  0.323]
[-1.6957285  -1.0012977   0.01533926  0.01897644],[-2.1 -1.1  0.   0. ]
[-0.36272264 -0.5882678  -0.7400327  -0.9297036 ],[-0.2 -0.5 -1.  -1.1]
[-1.6907809  -1.3534548   0.08073789  0.05996912],[-1.5 -1.3  0.   0. ]
[-1.8383007  -1.4402527  -0.00204566  0.24412295],[-1.805 -1.468  0.05   0.431]
[-1.8999596  -0.39591807 -1.7825167   1.5654392 ],[-1.5 -1.  -1.5  1.5]
[-2.1112673  -0.17433651 -1.9823555   1.6755369 ],[-2.071 -0.077 -1.788  1.576]
[-1.7846437  -1.239001   -0.22868429  0.21580946],[-1.5 -1.  -1.5  1.5]
[-1.3346434  -1.064929    0.32944945 -0.3906617 ],[-1.  -1.   0.5 -0.5]
[-0.82964426 -0.3260907   0.10914595  0.29520297],[-1.5 -1.   0.   0.1]
[-2.0311267  -0.31399727 -1.7889682   1.5556912 ],[-1.5 -1.  -1.5  1.5]
[-2.0947812  -1.7454648   0.26988542 -0.14266592],[-2.  -1.8  1.   1.1]
[-1.4445763  -0.08262226  1.5085058   1.2501345 ],[-1.447 -0.102  1.541  1.316]
[-1.8577039 -0.464201  -1.7911313  1.591457 ],[-1.5 -1.  -1.5  1.5]
[-1.7042437  -0.96629214  0.02911321  0.04403829],[-2.1 -1.1  0.   0. ]
[-1.6873229e+00 -1.0241473e+00  2.7386472e-04  3.8942553e-02],[-2.1 -1.1  0.   0. ]
[-1.3072233  -0.7349071  -0.04877215  0.19419116],[-1.5 -1.   0.   0.1]
[-0.4448493   0.03295571 -0.07019584  0.31053284],[-0.56  -0.123  0.045  0.323]
[-1.475383    0.01135671  1.6398679   1.3259289 ],[-1.447 -0.102  1.541  1.316]
[-1.7684271  -1.2414857  -0.18226291  0.18419933],[-2.  -1.8  1.   1.1]
[-1.7166355  -1.1131421   0.00963218  0.02154837],[-2.1 -1.1  0.   0. ]
[-2.0897658  -0.18291415 -1.9925319   1.6506783 ],[-2.071 -0.077 -1.788  1.576]
[-1.5994992  -0.52331805 -0.7484941   1.4556932 ],[-1.564 -0.566 -0.708  1.404]
[-2.1280282  -0.14949517 -2.0291083   1.673132  ],[-2.071 -0.077 -1.788  1.576]
[-1.4901361  -1.226829    0.07308531  0.10681894],[-1.805 -1.468  0.05   0.431]
[-1.7218082  -1.3079304   0.02755105  0.0986227 ],[-1.5 -1.3  0.   0. ]
[-1.8392591  -1.4199748   0.02409754  0.14327365],[-1.805 -1.468  0.05   0.431]
[-1.7103338  -1.1571124  -0.01731964  0.04759356],[-2.1 -1.1  0.   0. ]
[-1.4359931  -1.1998612  -0.10120229  0.35993862],[-1.292 -0.707  0.644  1.914]
[-1.7483687e+00 -1.0239055e+00  4.1136928e-02 -2.8463453e-04],[-2.428 -1.282 -2.128 -1.679]
[-2.0678034  -1.6687106   0.26063597 -0.4323462 ],[-2.  -2.   0.5 -0.5]
[-1.3954322  -0.7585684   0.03443395  0.11854976],[-2.1 -1.1  0.   0. ]
[-1.3596632 -0.6968154  0.4865584  1.848007 ],[-1.292 -0.707  0.644  1.914]
[-0.49246165 -0.06208715  0.03028944  0.342978  ],[-0.56  -0.123  0.045  0.323]
[-1.3570247  -0.65697193  0.7256236   1.9137197 ],[-1.292 -0.707  0.644  1.914]
[-1.6260157  -1.3164606   0.1916835  -0.10304055],[-1.805 -1.468  0.05   0.431]
[-1.6576304  -0.83133405 -1.6578575   1.6080608 ],[-1.5 -1.  -1.5  1.5]
[-1.6813233  -1.0736222  -0.00712094  0.04823978],[-1.5 -1.   0.   0.1]
[-1.365896   -0.61659217  0.5364707   1.7548959 ],[-1.292 -0.707  0.644  1.914]
