[-1.0953965 -1.7490745 -1.1188035  1.9119258],[-1.142 -1.81  -1.075  1.903]
[-1.1207447 -1.8615317 -1.0598482  1.9532247],[-1.142 -1.81  -1.075  1.903]
[-1.642389   -0.67506224 -1.4995918   1.483433  ],[-1.5 -1.  -1.5  1.5]
[-1.5990825  -0.843601   -0.73714834  1.2716653 ],[-1.564 -0.566 -0.708  1.404]
[-0.19570589 -0.5361911  -1.0234349  -1.1346302 ],[-0.2 -0.5 -1.  -1.1]
[-1.0491823  -0.64597666  0.11729531  0.3386039 ],[-0.56  -0.123  0.045  0.323]
[-1.8264482 -1.0005499  1.3002799 -1.4117653],[-2.  -1.   1.5 -1.5]
[-2.386715  -1.3322651 -2.1591694 -1.6621463],[-2.428 -1.282 -2.128 -1.679]
[-1.5232251  -1.3839474  -0.03742217  0.0814522 ],[-1.5 -1.3  0.   0. ]
[-1.6661574 -1.1224201  0.8619734 -1.0532696],[-2.  -1.   1.5 -1.5]
[-0.92911243 -1.044973    0.4231788  -0.53886694],[-1.  -1.   0.5 -0.5]
[-1.47506   -0.0595777  1.5951132  1.3719913],[-1.447 -0.102  1.541  1.316]
[-2.0407488  -0.13784254 -1.589397    1.55758   ],[-2.071 -0.077 -1.788  1.576]
[-1.5238395e+00 -1.3827198e+00  1.5555322e-04  6.8453483e-02],[-1.5 -1.3  0.   0. ]
[-1.267182   -0.7067371   0.54724526  1.927559  ],[-1.292 -0.707  0.644  1.914]
[-1.9108125 -1.347532  -0.3304227  1.2810252],[-2.  -1.8  1.   1.1]
[-2.2312517 -1.0335695  1.6702769 -1.5595846],[-2.  -1.   1.5 -1.5]
[-1.5335175  -1.3868489  -0.04696064  0.08853353],[-1.5 -1.3  0.   0. ]
[-0.18577212 -0.5276466  -1.0205112  -1.1263793 ],[-0.2 -0.5 -1.  -1.1]
[-1.5240585  -1.3892033  -0.0061924   0.07464636],[-1.5 -1.3  0.   0. ]
[-2.529323  -1.1780704 -2.2743526 -1.72073  ],[-2.428 -1.282 -2.128 -1.679]
[-1.1834297 -1.0785345 -0.9053516  1.4847596],[-1.  -1.  -1.5  1.5]
[-1.6574781  -0.68780786 -1.1629235   1.3926183 ],[-1.  -1.  -1.5  1.5]
[-0.58088565 -0.16025507  0.04675804  0.29078197],[-0.56  -0.123  0.045  0.323]
[-1.511346   -0.96797174 -1.2023388   1.3041693 ],[-1.5 -1.  -1.5  1.5]
[-1.9933043  -0.20201865 -1.5831486   1.5332224 ],[-2.071 -0.077 -1.788  1.576]
[-1.4031563  -0.82342446 -1.2733486   1.4988639 ],[-1.5 -1.  -1.5  1.5]
[-0.20857656 -0.54816246 -1.0090345  -1.1236951 ],[-0.2 -0.5 -1.  -1.1]
[-1.6552896  -1.3182409  -0.10932015  0.12464636],[-1.5 -1.3  0.   0. ]
[-1.7350135  -1.0119265  -0.03561155  0.10318318],[-1.5 -1.   0.   0.1]
[-1.1419337 -0.7989666  0.3100317  2.0034993],[-1.292 -0.707  0.644  1.914]
[-1.5465553 -0.6934958 -1.0810707  1.461794 ],[-1.  -1.  -1.5  1.5]
[-2.245859   -2.0318134   0.4748515  -0.66817564],[-2.  -2.   0.5 -0.5]
[-2.2291021 -1.0033678  1.6494856 -1.4905596],[-2.  -1.   1.5 -1.5]
[-2.2530725 -2.0219336  0.4757753 -0.6602682],[-2.  -2.   0.5 -0.5]
[-2.0123913  -1.877646    0.92648655  1.0293287 ],[-2.  -1.8  1.   1.1]
[-1.120336  -1.8336675 -1.0509186  1.9296808],[-1.142 -1.81  -1.075  1.903]
[-1.9161278  -1.5701697  -0.07728966  0.18859942],[-2.  -1.5  0.   0.1]
[-1.6084676  -0.89888084 -1.4997474   1.4113712 ],[-2.071 -0.077 -1.788  1.576]
[-1.1086736 -1.849699  -0.9724092  1.9428375],[-1.142 -1.81  -1.075  1.903]
[-2.168458   -1.2483413   0.01057433  0.15299806],[-2.1 -1.1  0.   0. ]
[-1.5548859  -0.7228938  -0.68646324  1.3743448 ],[-1.564 -0.566 -0.708  1.404]
[-2.0040982  -1.891799    0.90524185  1.0395595 ],[-2.  -1.8  1.   1.1]
[-1.7825558  -1.0150267  -0.0352679   0.09189662],[-1.5 -1.   0.   0.1]
[-1.2276582 -1.0257003 -1.5125422  1.4577868],[-1.  -1.  -1.5  1.5]
[-1.525677   -0.01981825  1.6983643   1.4747894 ],[-1.447 -0.102  1.541  1.316]
[-1.5128913  -0.02986139  1.6722834   1.4488227 ],[-1.447 -0.102  1.541  1.316]
[-2.2508297  -2.0219896   0.47561663 -0.6604722 ],[-2.  -2.   0.5 -0.5]
[-1.1131053 -1.8128362 -1.0708537  1.9281836],[-1.142 -1.81  -1.075  1.903]
[-1.5258532  -1.3787495  -0.0276164   0.07821315],[-1.5 -1.3  0.   0. ]
[-1.1831309 -0.9947557 -1.4576701  1.5037159],[-2.071 -0.077 -1.788  1.576]
[-2.1662889  -1.2742004   0.01828913  0.18554507],[-2.  -1.8  1.   1.1]
[-1.714313   -1.5362666  -0.04132695  0.4458969 ],[-2.  -1.5  0.   0.1]
[-0.59282064 -0.18563676  0.04618286  0.27550355],[-0.56  -0.123  0.045  0.323]
[-1.5627298   0.00928676  1.7739468   1.5500402 ],[-1.447 -0.102  1.541  1.316]
[-1.8990655  -1.9681816   0.46959233 -0.5629546 ],[-2.  -2.   0.5 -0.5]
[-2.253656  -2.017808   0.4760105 -0.6571302],[-2.  -2.   0.5 -0.5]
[-1.8606381  -1.0224774  -0.03725357  0.0690809 ],[-1.5 -1.   0.   0.1]
[-1.5352713  -1.3939581  -0.05474387  0.07767645],[-1.5 -1.3  0.   0. ]
[-1.7652535  -0.94609255  1.2145905  -1.3903998 ],[-2.  -1.   1.5 -1.5]
[-1.8336235  -1.5337648  -0.05603258  0.3454874 ],[-1.805 -1.468  0.05   0.431]
[-0.74582374 -0.33939216  0.07826965  0.27781904],[-0.56  -0.123  0.045  0.323]
[-1.4738768  -0.06050712  1.5926996   1.3695884 ],[-1.447 -0.102  1.541  1.316]
[-1.5566453  -1.3963666  -0.04713415  0.07934745],[-1.5 -1.3  0.   0. ]
[-0.927587   -1.0466329   0.43321097 -0.5297331 ],[-1.  -1.   0.5 -0.5]
[-1.3515725 -0.6485652  0.6961969  1.8709713],[-1.292 -0.707  0.644  1.914]
[-1.8544576 -0.3965543 -1.5518188  1.500756 ],[-2.071 -0.077 -1.788  1.576]
[-2.5381062 -1.2576025 -2.3673599 -1.6780114],[-2.428 -1.282 -2.128 -1.679]
[-1.7675987  -1.0129142  -0.03463058  0.09643999],[-1.5 -1.   0.   0.1]
[-2.3961208 -1.3141742 -2.1677308 -1.6654794],[-2.428 -1.282 -2.128 -1.679]
[-0.21503031 -0.55625147 -1.0269153  -1.1426734 ],[-0.2 -0.5 -1.  -1.1]
[-2.1898327  -1.6763351   1.4305072  -0.15084955],[-2.  -1.   1.5 -1.5]
[-2.158696   -1.3350178   0.03762984  0.2526695 ],[-1.5 -1.  -1.5  1.5]
[-1.5704051  -1.4036443  -0.05113469  0.06930894],[-1.5 -1.3  0.   0. ]
[-2.020523   -1.841743    0.93147343  1.0179943 ],[-2.  -1.8  1.   1.1]
[-1.847891   -1.479063   -0.09838994  0.1832872 ],[-2.  -1.   1.5 -1.5]
[-1.7340465  -0.74366224 -1.7248867   1.3791313 ],[-2.071 -0.077 -1.788  1.576]
[-1.6913657  -1.5014395  -0.03098898  0.47607228],[-1.805 -1.468  0.05   0.431]
[-1.49999    -0.98559195  0.05649237  0.11976604],[-0.56  -0.123  0.045  0.323]
[-2.233526  -1.000561   1.6492628 -1.482419 ],[-2.  -1.   1.5 -1.5]
[-1.5871114  -1.4073999  -0.04926609  0.06592248],[-1.5 -1.3  0.   0. ]
[-0.81225085 -0.4052264   0.0924117   0.27988607],[-0.56  -0.123  0.045  0.323]
[-1.12463   -1.1728551 -1.3215132  1.6788394],[-1.  -1.  -1.5  1.5]
[-0.18940651 -0.53101766 -1.0008429  -1.1059946 ],[-0.2 -0.5 -1.  -1.1]
[-1.2308953  -0.73545593  0.47304565  1.9468327 ],[-1.292 -0.707  0.644  1.914]
[-1.4791706 -0.73659   -0.6094536  1.3904982],[-1.564 -0.566 -0.708  1.404]
[-0.22802997 -0.5720154  -1.0347023  -1.1494962 ],[-0.2 -0.5 -1.  -1.1]
[-1.4784952 -0.0568794  1.6021203  1.3789678],[-1.447 -0.102  1.541  1.316]
[-0.57392883 -0.14546052  0.04709331  0.29968753],[-0.56  -0.123  0.045  0.323]
[-1.1156423 -1.1398677 -1.3580165  1.6917787],[-1.  -1.  -1.5  1.5]
[-2.2495227  -2.0235958   0.47545052 -0.6617709 ],[-2.  -2.   0.5 -0.5]
[-1.0887762 -1.7198665 -1.1363609  1.9005413],[-1.142 -1.81  -1.075  1.903]
[-1.9533492  -0.25886136 -1.5788379   1.5157547 ],[-2.071 -0.077 -1.788  1.576]
[-1.9924858  -1.9582245   0.4333135  -0.64448553],[-2.  -2.   0.5 -0.5]
[-1.6122401 -0.7129741 -0.7469019  1.3565962],[-1.564 -0.566 -0.708  1.404]
[-1.0419955 -1.2526897 -1.1617968  1.733644 ],[-1.  -1.  -1.5  1.5]
[-0.9631132  -1.0355259   0.35255158 -0.50199646],[-1.  -1.   0.5 -0.5]
[-2.2662692  -2.0015342   0.47468442 -0.6429829 ],[-2.  -2.   0.5 -0.5]
[-1.3834516 -0.9859992 -1.5339019  1.4448409],[-1.  -1.  -1.5  1.5]
[-1.2027357  -0.7573796   0.41645837  1.9622852 ],[-1.292 -0.707  0.644  1.914]
[-1.8427365  -1.5368006  -0.05683051  0.32526985],[-2.  -1.5  0.   0.1]
[-2.231614  -1.0232965  1.666179  -1.5384891],[-2.  -1.   1.5 -1.5]
[-1.8710698  -1.4994686  -0.08676802  0.16524294],[-2.  -1.5  0.   0.1]
[-1.5474349 -0.9018098 -1.237746   1.2643611],[-1.5 -1.  -1.5  1.5]
[-1.106911  -1.840826  -0.9558245  1.9375708],[-1.142 -1.81  -1.075  1.903]
[-0.7067034  -0.2973671   0.07068921  0.28035897],[-0.56  -0.123  0.045  0.323]
[-2.1665635  -1.1701891  -0.01066704  0.03441771],[-2.1 -1.1  0.   0. ]
[-1.2821083 -1.0204988 -1.5315106  1.4555082],[-1.5 -1.  -1.5  1.5]
[-2.2741637  -2.0136492   0.42665875 -0.68306667],[-2.  -2.   0.5 -0.5]
[-1.6371121  -0.9937401  -0.02221645  0.11699431],[-1.5 -1.   0.   0.1]
[-1.6169345  -1.4163985  -0.04014389  0.05894055],[-1.5 -1.3  0.   0. ]
[-1.1168965 -1.819551  -1.0601126  1.9248114],[-1.142 -1.81  -1.075  1.903]
[-1.5408026  -1.3924763  -0.04932748  0.08320814],[-1.805 -1.468  0.05   0.431]
[-0.91405535 -1.0348992   0.4380104  -0.550011  ],[-1.  -1.   0.5 -0.5]
[-1.9434695  -1.4345613  -0.14258753  1.2505412 ],[-2.  -1.8  1.   1.1]
[-1.447258   -0.76736933 -0.56867754  1.418978  ],[-1.564 -0.566 -0.708  1.404]
[-2.0103874  -1.8836637   0.91685724  1.0354218 ],[-2.  -1.8  1.   1.1]
[-2.5338674 -1.3034571 -2.3968306 -1.6609396],[-2.428 -1.282 -2.128 -1.679]
[-1.984377  -0.2146999 -1.5824285  1.5285567],[-2.071 -0.077 -1.788  1.576]
[-1.9035795  -0.32978165 -1.5720364   1.4984925 ],[-1.5 -1.  -1.5  1.5]
[-1.9318888  -1.5311865   0.13007648  1.1235476 ],[-2.  -1.8  1.   1.1]
[-1.5695896  -0.72113216 -0.7014511   1.3710442 ],[-1.564 -0.566 -0.708  1.404]
[-1.5863817  -1.4070305  -0.04871272  0.0670313 ],[-2.  -1.5  0.   0.1]
[-1.3628024  -0.6235487   0.76234037  1.8862362 ],[-1.292 -0.707  0.644  1.914]
[-1.0863161 -1.3626373 -1.1910883  1.7295513],[-1.142 -1.81  -1.075  1.903]
[-2.2745423 -1.0831535  1.5962806 -1.2203285],[-2.  -1.   1.5 -1.5]
[-1.5058615 -0.9926729 -1.3591639  1.3809776],[-2.071 -0.077 -1.788  1.576]
[-1.1166141 -1.9848187 -1.1294987  2.0095377],[-1.142 -1.81  -1.075  1.903]
[-1.1033568  -0.81898206  0.25995952  2.0383441 ],[-1.292 -0.707  0.644  1.914]
[-1.8927956  -1.5608587  -0.07368954  0.23833616],[-2.  -1.5  0.   0.1]
[-1.4449714  -1.3339801   0.19762386 -0.03959274],[-1.  -1.   0.5 -0.5]
[-1.2664859 -0.955137  -1.4193332  1.4953332],[-2.071 -0.077 -1.788  1.576]
[-1.5927713  -0.8787888  -0.76215756  1.2536514 ],[-1.564 -0.566 -0.708  1.404]
[-1.1729107 -0.9996596 -1.4622998  1.5046023],[-2.071 -0.077 -1.788  1.576]
[-1.5509388  -1.43787     0.00312491  0.08799643],[-1.5 -1.3  0.   0. ]
[-2.0120754 -1.8778436  0.9265541  1.0295544],[-2.  -1.8  1.   1.1]
[-2.0411587  -1.0565443  -0.0467612   0.01599258],[-2.1 -1.1  0.   0. ]
[-0.21906984 -0.56141526 -1.0454051  -1.1627247 ],[-0.2 -0.5 -1.  -1.1]
[-0.82988966 -0.42231727  0.09625674  0.28088593],[-0.56  -0.123  0.045  0.323]
[-2.2527719  -2.0201547   0.47579962 -0.6589776 ],[-2.  -2.   0.5 -0.5]
[-1.6430542 -0.6741887 -1.4997554  1.4834875],[-1.5 -1.  -1.5  1.5]
[-2.1367471  -1.0688598  -0.04616061 -0.00267853],[-2.1 -1.1  0.   0. ]
[-1.4778581 -0.7603356 -1.2825158  1.5020366],[-2.071 -0.077 -1.788  1.576]
[-1.7726202  -1.5128775  -0.05199598  0.45767552],[-1.805 -1.468  0.05   0.431]
[-0.86711234 -1.0807028   0.44641805 -0.48479035],[-1.  -1.   0.5 -0.5]
[-1.7079431  -1.004997   -0.02972458  0.11470966],[-1.5 -1.   0.   0.1]
[-0.19527197 -0.5360656  -1.018976   -1.1293896 ],[-0.2 -0.5 -1.  -1.1]
[-1.4970307  -0.9704397   0.02113958  0.14566286],[-1.5 -1.   0.   0.1]
[-2.107541   -1.0693382  -0.04690187  0.00473703],[-2.1 -1.1  0.   0. ]
[-2.097691   -1.423403    0.20234306  0.43334243],[-2.1 -1.1  0.   0. ]
[-1.003412   -0.9617822   0.33100677 -0.53106385],[-1.  -1.   0.5 -0.5]
[-2.0195255  -1.8419387   0.92954934  1.0193821 ],[-2.  -1.8  1.   1.1]
[-1.5817865   0.02425581  1.8128198   1.5887426 ],[-1.447 -0.102  1.541  1.316]
[-2.0049753  -1.0465868  -0.04556055  0.02261579],[-1.5 -1.   0.   0.1]
[-1.4835567  -0.05290359  1.6124445   1.3892472 ],[-1.447 -0.102  1.541  1.316]
[-1.0849324 -1.6932607 -1.1458937  1.8843998],[-1.142 -1.81  -1.075  1.903]
[-2.3977842 -1.3186316 -2.1672657 -1.6690559],[-2.428 -1.282 -2.128 -1.679]
[-1.4480351 -0.7692932 -1.205521   1.5028181],[-1.  -1.  -1.5  1.5]
[-2.3832836 -1.3402444 -2.1557066 -1.661461 ],[-2.428 -1.282 -2.128 -1.679]
[-1.8533878  -1.0321797  -0.04480152  0.06009652],[-1.5 -1.   0.   0.1]
[-1.4859054  -0.05105871  1.6172358   1.3940172 ],[-1.447 -0.102  1.541  1.316]
[-1.5439789 -0.6965861 -1.0882882  1.464567 ],[-1.5 -1.  -1.5  1.5]
[-2.240524   -2.0367196   0.47401547 -0.6722244 ],[-2.  -2.   0.5 -0.5]
[-2.117878   -0.04818135 -1.6105818   1.5951729 ],[-2.071 -0.077 -1.788  1.576]
[-0.5880947  -0.1755862   0.04641062  0.28155345],[-0.56  -0.123  0.045  0.323]
[-1.4973714 -0.7281729 -0.6289316  1.3820729],[-1.564 -0.566 -0.708  1.404]
[-1.9137857  -1.5700619  -0.07677074  0.1923832 ],[-2.  -1.5  0.   0.1]
[-0.20239723 -0.5423832  -1.033704   -1.149576  ],[-0.2 -0.5 -1.  -1.1]
[-1.6111     -1.4189451  -0.04651909  0.05702282],[-1.805 -1.468  0.05   0.431]
[-2.263496   -2.009493    0.47546405 -0.6495941 ],[-2.  -2.   0.5 -0.5]
[-2.4157062 -1.2919649 -2.1995268 -1.6550078],[-2.428 -1.282 -2.128 -1.679]
[-0.94706213 -1.0527337   0.4281404  -0.5416334 ],[-1.  -1.   0.5 -0.5]
[-1.5349865e+00 -9.7130132e-01  1.4683306e-03  1.2962642e-01],[-1.5 -1.   0.   0.1]
[-1.4201984  -0.5497223   0.27820915  1.5721478 ],[-1.564 -0.566 -0.708  1.404]
[-1.6804354 -1.0085591 -1.4526635  1.3570911],[-1.5 -1.  -1.5  1.5]
[-2.0580163  -1.0616663  -0.04722743  0.01352052],[-2.1 -1.1  0.   0. ]
[-1.5415109  -1.3905587  -0.04739024  0.08496995],[-1.5 -1.3  0.   0. ]
[-1.9609776 -0.2479912 -1.5798804  1.5184005],[-2.071 -0.077 -1.788  1.576]
[-0.5868187  -0.17287263  0.04647211  0.28318688],[-0.56  -0.123  0.045  0.323]
[-1.5196228  -0.02457374  1.6860147   1.4624939 ],[-1.447 -0.102  1.541  1.316]
[-1.4821646 -0.0539971  1.6096053  1.38642  ],[-1.447 -0.102  1.541  1.316]
[-1.1660743  -0.7766784   0.36811346  1.9950211 ],[-1.292 -0.707  0.644  1.914]
[-1.4605366 -0.1710285  1.4722008  1.0598098],[-1.447 -0.102  1.541  1.316]
[-1.051144   -0.998282    0.34558624 -0.59267265],[-1.  -1.   0.5 -0.5]
[-1.5259861  -1.3830068  -0.03779851  0.08431507],[-1.5 -1.3  0.   0. ]
[-2.2545288  -2.0179749   0.47610438 -0.6571678 ],[-2.  -2.   0.5 -0.5]
[-1.866285   -1.0311203  -0.04253815  0.06073712],[-1.5 -1.   0.   0.1]
[-1.5021892 -0.8581086 -1.4883049  1.457601 ],[-1.5 -1.  -1.5  1.5]
[-2.3911626 -1.3287873 -2.1619692 -1.6656693],[-2.428 -1.282 -2.128 -1.679]
[-1.9120965  -0.31764513 -1.5732003   1.5014466 ],[-2.071 -0.077 -1.788  1.576]
[-2.2578454  -2.0362988   0.3498755  -0.73644215],[-2.  -2.   0.5 -0.5]
[-1.8945659  -1.5617663  -0.07404085  0.23503406],[-2.  -1.5  0.   0.1]
[-1.916676   -1.4202274  -0.16062324  1.2073569 ],[-2.  -1.8  1.   1.1]
[-2.2230859  -2.0614946   0.47168702 -0.6921112 ],[-2.  -2.   0.5 -0.5]
[-1.2317425  -0.7202485   0.51460564  1.966227  ],[-1.292 -0.707  0.644  1.914]
[-2.247545   -2.0281193   0.47512233 -0.66529447],[-2.  -2.   0.5 -0.5]
[-0.5756794  -0.14918336  0.04700895  0.29744655],[-0.56  -0.123  0.045  0.323]
[-1.7188165 -1.5319812 -0.0445625  0.4577398],[-2.  -1.5  0.   0.1]
[-1.9242005 -0.3003974 -1.5748544  1.5056448],[-2.071 -0.077 -1.788  1.576]
[-0.593483   -0.18704516  0.04615094  0.27465576],[-0.56  -0.123  0.045  0.323]
[-1.7497766 -0.7637921 -1.8882844  1.21767  ],[-2.428 -1.282 -2.128 -1.679]
[-2.0252404  -1.0551531  -0.04700409  0.01925568],[-2.1 -1.1  0.   0. ]
[-1.274957  -0.7043691  0.5527725  1.9182624],[-1.292 -0.707  0.644  1.914]
[-2.2754192 -1.095479   1.5567636 -1.1834339],[-2.  -1.   1.5 -1.5]
[-1.5983404  -1.4119711  -0.04780219  0.06193798],[-2.  -1.5  0.   0.1]
[-0.5590451  -0.11380792  0.04781061  0.31874073],[-0.56  -0.123  0.045  0.323]
[-2.0089464  -1.8873062   0.91140246  1.0385238 ],[-2.  -1.8  1.   1.1]
[-2.39488   -1.3189797 -2.165928  -1.6660097],[-2.428 -1.282 -2.128 -1.679]
[-1.4511946  -1.3233659   0.2583691  -0.07864241],[-1.  -1.   0.5 -0.5]
[-0.1841464 -0.5262082 -1.0172445 -1.1218793],[-0.2 -0.5 -1.  -1.1]
[-0.21600938 -0.55895734 -1.0300797  -1.143863  ],[-0.2 -0.5 -1.  -1.1]
[-2.2557623 -1.0161743  1.6303872 -1.418239 ],[-2.  -1.   1.5 -1.5]
[-0.9281585  -1.0655687   0.43868017 -0.52252316],[-1.  -1.   0.5 -0.5]
[-1.8059582 -1.2202437  0.8575317 -0.8117495],[-2.  -1.   1.5 -1.5]
[-2.1248465e+00 -1.0658609e+00 -4.5995712e-02 -8.5123442e-04],[-2.1 -1.1  0.   0. ]
[-1.6063092  -1.4171464  -0.04780869  0.05675261],[-1.5 -1.3  0.   0. ]
[-1.9244782  -1.5705541  -0.07913969  0.17510973],[-2.  -1.5  0.   0.1]
[-2.1618693e+00 -1.0958186e+00 -3.2144427e-02 -6.2342547e-04],[-2.1 -1.1  0.   0. ]
[-1.9146652  -1.3538781  -0.31888998  1.2804204 ],[-2.  -1.8  1.   1.1]
[-2.0048823 -1.8602643  0.9099142  1.0245522],[-2.  -1.8  1.   1.1]
[-1.5229023  -1.3887749  -0.01816173  0.07550912],[-1.5 -1.3  0.   0. ]
[-0.18846053 -0.5300424  -1.0283839  -1.1366104 ],[-0.2 -0.5 -1.  -1.1]
[-2.2327995  -2.0643835   0.16751443 -0.8559446 ],[-2.  -2.   0.5 -0.5]
[-2.0162215 -1.0507786 -0.0466307  0.0197369],[-1.5 -1.   0.   0.1]
[-0.5782157  -0.15457714  0.04688671  0.2941998 ],[-0.56  -0.123  0.045  0.323]
[-1.9180654  -1.477803   -0.01933639  1.1544827 ],[-1.5 -1.  -1.5  1.5]
[-1.4728076  -1.3786043   0.10543965  0.02103602],[-1.  -1.   0.5 -0.5]
[-1.4959935  -0.04313457  1.6378144   1.414505  ],[-1.447 -0.102  1.541  1.316]
[-1.9100885  -1.5687966  -0.07639728  0.2015141 ],[-2.  -1.5  0.   0.1]
[-0.9128808  -1.0350481   0.4414739  -0.54576284],[-1.  -1.   0.5 -0.5]
[-1.915025   -1.5700052  -0.07695864  0.18790835],[-2.  -1.5  0.   0.1]
[-1.4570925  -0.6120606   0.79470193  1.7000532 ],[-1.292 -0.707  0.644  1.914]
[-2.2140205 -1.1980606  1.6999898 -1.6931775],[-2.  -1.   1.5 -1.5]
[-1.6792777  -0.9991374  -0.02478108  0.11589791],[-1.5 -1.   0.   0.1]
[-1.4382648 -1.2744164  0.3501975 -0.6297905],[-2.  -1.   1.5 -1.5]
[-0.9118124  -1.0407557   0.42783117 -0.5572323 ],[-1.  -1.   0.5 -0.5]
[-1.1361383 -1.1358681 -1.2271425  1.5984102],[-1.  -1.  -1.5  1.5]
[-1.4458371  -0.6192405   0.80383784  1.7134123 ],[-1.292 -0.707  0.644  1.914]
[-0.20480919 -0.54460126 -1.028743   -1.1451826 ],[-0.2 -0.5 -1.  -1.1]
[-0.58060884 -0.15966648  0.04677138  0.2911363 ],[-0.56  -0.123  0.045  0.323]
[-2.0135577 -1.8731596  0.9308707  1.0261357],[-2.  -1.8  1.   1.1]
[-2.392083  -1.3090076 -2.1716428 -1.6522725],[-2.428 -1.282 -2.128 -1.679]
[-1.5546288  -1.3988401  -0.05016701  0.07681044],[-1.5 -1.3  0.   0. ]
[-2.16389    -1.0800195  -0.04609203 -0.00509408],[-2.1 -1.1  0.   0. ]
[-1.5257907 -0.9380677 -1.227266   1.2943912],[-1.5 -1.  -1.5  1.5]
[-1.8068311 -1.1972318 -0.7233905  1.3115966],[-1.292 -0.707  0.644  1.914]
[-1.4889433 -1.022481  -1.2254167  1.3425539],[-1.5 -1.  -1.5  1.5]
[-2.4127398 -1.2907984 -2.1983027 -1.6487529],[-2.428 -1.282 -2.128 -1.679]
[-1.5243404  -1.3900461  -0.00237872  0.07381899],[-1.5 -1.3  0.   0. ]
[-1.5097265 -1.3856101  0.0081463  0.0896719],[-1.  -1.   0.5 -0.5]
[-2.2362626  -2.047379    0.47347414 -0.6805354 ],[-2.  -2.   0.5 -0.5]
[-1.611639  -0.7290892 -0.7407371  1.3372371],[-1.564 -0.566 -0.708  1.404]
[-1.8303249  -1.2548928  -0.60375714  0.5984757 ],[-1.5 -1.   0.   0.1]
[-1.8314213  -1.5327041  -0.05613218  0.35003138],[-1.805 -1.468  0.05   0.431]
[-1.5299515  -1.398812    0.00189768  0.07645596],[-1.5 -1.3  0.   0. ]
[-1.4357632 -0.7828499 -1.223748   1.5028464],[-1.  -1.  -1.5  1.5]
[-1.6087476 -0.7140422 -0.7429545  1.3579322],[-1.564 -0.566 -0.708  1.404]
[-1.4810323  -0.7351545  -0.61153847  1.3890378 ],[-1.564 -0.566 -0.708  1.404]
[-1.742476   -1.540484   -0.03710003  0.39628085],[-1.805 -1.468  0.05   0.431]
[-2.1826167  -1.1302493  -0.02673094  0.02063369],[-2.1 -1.1  0.   0. ]
[-1.9157814  -1.525797    0.10779555  1.1131244 ],[-2.  -2.   0.5 -0.5]
[-1.4600341  -0.07138056  1.5644624   1.3414751 ],[-1.447 -0.102  1.541  1.316]
[-2.2326345  -2.0660224   0.1823019  -0.84786093],[-2.  -2.   0.5 -0.5]
[-1.1470783 -1.0387304 -1.4865313  1.5000587],[-1.  -1.  -1.5  1.5]
[-1.4764918  -0.05845308  1.5980335   1.3748991 ],[-1.447 -0.102  1.541  1.316]
[-2.0691624  -1.0615622  -0.04686745  0.01089761],[-2.1 -1.1  0.   0. ]
[-2.379612  -1.3468382 -2.1524916 -1.6599753],[-2.428 -1.282 -2.128 -1.679]
[-2.1835747  -1.1185923  -0.03024386  0.00615221],[-2.1 -1.1  0.   0. ]
[-2.4097128 -1.2933551 -2.193507  -1.6490566],[-2.428 -1.282 -2.128 -1.679]
[-1.3676356  -0.62964314  0.7460547   1.8709155 ],[-1.292 -0.707  0.644  1.914]
[-1.9597108  -1.6409013   0.52651453  1.0111941 ],[-2.  -1.8  1.   1.1]
[-2.2598128 -1.0279849  1.6298206 -1.3834867],[-2.  -1.   1.5 -1.5]
[-2.2378933  -2.0452347   0.47369295 -0.67880577],[-2.  -2.   0.5 -0.5]
[-1.5949738 -0.866508  -0.7534291  1.2599386],[-1.564 -0.566 -0.708  1.404]
[-1.824729  -1.5294805 -0.0564348  0.3638396],[-2.  -1.5  0.   0.1]
[-1.7049286  -1.538832   -0.02217029  0.3797458 ],[-1.805 -1.468  0.05   0.431]
[-1.8374257  -0.41892213 -1.5476241   1.4993647 ],[-2.071 -0.077 -1.788  1.576]
[-1.9939226  -1.6761699   0.63636625  0.9707464 ],[-2.  -2.   0.5 -0.5]
[-2.166742   -1.1113956  -0.02862801  0.00330004],[-2.1 -1.1  0.   0. ]
[-0.7521136  -0.3454057   0.07965934  0.278269  ],[-0.56  -0.123  0.045  0.323]
[-0.96359193 -0.5546355   0.12476528  0.28526667],[-0.56  -0.123  0.045  0.323]
[-1.856055   -1.542989   -0.06178983  0.30243865],[-1.805 -1.468  0.05   0.431]
[-1.5878206  -1.4045722  -0.04358439  0.06775864],[-1.5 -1.3  0.   0. ]
[-1.5462877  -1.418741    0.02092548  0.08446752],[-2.  -1.5  0.   0.1]
[-1.6126606  -0.72288233 -0.743788    1.3422202 ],[-1.564 -0.566 -0.708  1.404]
[-2.015331   -1.8667104   0.93145716  1.0238702 ],[-2.  -1.8  1.   1.1]
[-1.1202052 -1.9645793 -1.113514   1.985857 ],[-1.142 -1.81  -1.075  1.903]
[-2.0367293  -0.14251521 -1.5882928   1.5556209 ],[-2.071 -0.077 -1.788  1.576]
[-1.733494   -1.0145094  -0.03735872  0.10125131],[-1.5 -1.   0.   0.1]
[-1.2413642  -0.7101128   0.53749627  1.9616768 ],[-1.292 -0.707  0.644  1.914]
[-1.5584326  -1.400394   -0.05074482  0.07435212],[-1.5 -1.3  0.   0. ]
[-1.6647754 -0.6456623 -1.5051048  1.4852618],[-1.5 -1.  -1.5  1.5]
[-1.9785111  -0.22303239 -1.5819553   1.5254908 ],[-2.071 -0.077 -1.788  1.576]
[-2.2345102  -2.0495322   0.47323573 -0.68228585],[-2.  -2.   0.5 -0.5]
[-1.4661958 -0.7559068 -1.1845119  1.4964068],[-1.5 -1.  -1.5  1.5]
[-1.1159654 -1.8272057 -1.0633882  1.9348314],[-1.142 -1.81  -1.075  1.903]
[-1.6751842  -1.4854641  -0.01505141  0.4487637 ],[-1.  -1.  -1.5  1.5]
[-2.0280366  -0.15268189 -1.5859517   1.5513759 ],[-2.071 -0.077 -1.788  1.576]
[-2.5332646 -1.3031262 -2.3929183 -1.6606612],[-2.428 -1.282 -2.128 -1.679]
[-1.5553403 -0.6789036 -0.9948277  1.4201909],[-1.  -1.  -1.5  1.5]
[-1.4190781  -0.80381364 -1.2507918   1.5004692 ],[-1.5 -1.  -1.5  1.5]
[-1.0901759 -1.7203844 -1.132261   1.8973588],[-1.142 -1.81  -1.075  1.903]
[-1.607116  -0.7213861 -1.4909049  1.4805517],[-1.5 -1.  -1.5  1.5]
[-0.5747296  -0.14716342  0.04705472  0.29866245],[-0.56  -0.123  0.045  0.323]
[-2.4106257 -1.2909046 -2.1965148 -1.645969 ],[-2.428 -1.282 -2.128 -1.679]
[-1.0716686 -1.5811858 -0.6756385  1.8512566],[-1.142 -1.81  -1.075  1.903]
[-2.3081608  -2.0957546   0.1812578  -0.89172524],[-2.  -2.   0.5 -0.5]
[-1.6959635  -1.5016894  -0.0348296   0.17157413],[-1.5 -1.3  0.   0. ]
[-1.5908391  -0.71773255 -0.7236919   1.3635259 ],[-1.564 -0.566 -0.708  1.404]
[-0.92718565 -1.0458971   0.43289965 -0.52790076],[-1.  -1.   0.5 -0.5]
[-1.1979067  -0.98766613 -1.4509771   1.5024345 ],[-1.  -1.  -1.5  1.5]
[-0.54530525 -0.08458817  0.04847277  0.33632946],[-0.56  -0.123  0.045  0.323]
[-1.4420716  -1.3152065   0.27845496 -0.13841163],[-1.  -1.   0.5 -0.5]
[-2.0156775  -1.0528357  -0.04690488  0.02071886],[-2.1 -1.1  0.   0. ]
[-1.5839622  -0.71883273 -0.716494    1.3659589 ],[-1.564 -0.566 -0.708  1.404]
[-0.7917729 -1.8534589 -1.5688461  2.8296869],[-1.142 -1.81  -1.075  1.903]
[-2.39755   -1.301996  -2.1808543 -1.6474457],[-2.428 -1.282 -2.128 -1.679]
[-1.5042793 -1.0378864 -1.4355044  1.3438367],[-1.5 -1.  -1.5  1.5]
[-2.387728  -1.3324714 -2.1595268 -1.6633518],[-2.428 -1.282 -2.128 -1.679]
[-1.1180677 -1.9804788 -1.1247618  2.0000422],[-1.142 -1.81  -1.075  1.903]
[-1.1679525 -1.3060906 -0.9001158  1.700275 ],[-1.  -1.  -1.5  1.5]
[-1.6049392  -1.415703   -0.04667036  0.0589719 ],[-1.805 -1.468  0.05   0.431]
[-1.0288639  -1.0096226   0.29823726 -0.45817325],[-1.  -1.   0.5 -0.5]
[-0.15214747 -0.54005975 -0.9953839  -1.0599288 ],[-0.2 -0.5 -1.  -1.1]
[-1.9173189  -1.5702245  -0.07755361  0.18667503],[-2.  -1.5  0.   0.1]
[-2.2290597 -1.0373962  1.6668688 -1.5641999],[-2.  -1.   1.5 -1.5]
[-2.415021  -1.2927866 -2.2006352 -1.6555706],[-2.428 -1.282 -2.128 -1.679]
[-1.5222502  -1.3838563  -0.03058408  0.07990371],[-1.5 -1.3  0.   0. ]
[-1.9052274  -0.32743368 -1.5722618   1.4990641 ],[-1.5 -1.  -1.5  1.5]
[-1.4677722  -0.06530225  1.5802469   1.3571906 ],[-1.447 -0.102  1.541  1.316]
[-1.6101761  -1.4187453  -0.04700665  0.05660658],[-1.5 -1.3  0.   0. ]
[-1.9670917 -1.1347631  1.418277  -1.3889357],[-2.  -1.   1.5 -1.5]
[-1.0884674 -1.1467044 -1.3626629  1.7216711],[-1.  -1.  -1.5  1.5]
[-1.9067966  -1.5675712  -0.07610501  0.20992953],[-2.  -1.5  0.   0.1]
[-2.258773  -2.0088446  0.4755168 -0.6496459],[-2.  -2.   0.5 -0.5]
[-1.6088023  -1.4179366  -0.04690079  0.05725416],[-1.5 -1.3  0.   0. ]
[-1.5535845  -0.9766265  -0.00708221  0.12269783],[-1.5 -1.   0.   0.1]
[-2.04874    -0.12855324 -1.5915917   1.561475  ],[-2.071 -0.077 -1.788  1.576]
[-1.1339068  -1.0227015   0.25380355 -0.39911157],[-1.  -1.   0.5 -0.5]
[-0.2128123  -0.5534937  -0.99806184 -1.1102207 ],[-0.2 -0.5 -1.  -1.1]
[-1.5456812 -0.7989973 -1.4786804  1.4685974],[-2.071 -0.077 -1.788  1.576]
[-2.1205788  -1.9680631   1.1465149   0.73582554],[-2.  -1.   1.5 -1.5]
[-1.6816673 -0.6234784 -1.509265   1.4866415],[-1.5 -1.  -1.5  1.5]
[-1.0953274 -1.9184663 -0.9649413  1.964794 ],[-1.142 -1.81  -1.075  1.903]
[-1.5055513  -0.98040247 -1.2309799   1.3290434 ],[-1.5 -1.  -1.5  1.5]
[-1.9189751  -1.5703008  -0.0779206   0.18399946],[-2.  -1.5  0.   0.1]
[-2.2285504 -1.021586   1.6571059 -1.5283659],[-2.  -1.   1.5 -1.5]
[-1.1191751 -1.9664054 -1.1163086  1.9925568],[-1.142 -1.81  -1.075  1.903]
[-2.3887246 -1.3318863 -2.1601882 -1.6641703],[-2.428 -1.282 -2.128 -1.679]
[-0.86299884 -0.4558916   0.10313065  0.28103784],[-0.56  -0.123  0.045  0.323]
[-1.5552481  -0.97172344 -0.00172713  0.12283257],[-1.5 -1.   0.   0.1]
[-2.0094197 -1.9002299  0.8904169  1.0508244],[-2.  -1.8  1.   1.1]
[-0.57898855 -0.15622076  0.04684947  0.29321042],[-0.56  -0.123  0.045  0.323]
[-1.602003   -1.4140425  -0.04715429  0.06028823],[-2.  -1.5  0.   0.1]
[-1.4599408  -0.07145387  1.5642722   1.3412855 ],[-1.447 -0.102  1.541  1.316]
[-1.3796505  -0.5845494   0.11231698  1.4270241 ],[-1.564 -0.566 -0.708  1.404]
[-1.6097986  -0.9858545  -0.01557662  0.11701816],[-1.5 -1.   0.   0.1]
[-1.5178305  -1.3605042   0.16011496  0.17746022],[-1.805 -1.468  0.05   0.431]
[-0.58345836 -0.1657264   0.04663406  0.28748852],[-0.56  -0.123  0.045  0.323]
[-2.022911  -1.8310478  0.9276526  1.0138577],[-2.  -1.8  1.   1.1]
[-2.233201  -0.9996414  1.6577296 -1.4904177],[-2.  -1.   1.5 -1.5]
[-1.6083683  -0.7141705  -0.74251455  1.3580055 ],[-1.564 -0.566 -0.708  1.404]
[-1.7262408  -0.56494045 -1.520242    1.4902825 ],[-2.071 -0.077 -1.788  1.576]
[-1.7886342  -0.94892526  1.2554555  -1.4190627 ],[-2.  -1.   1.5 -1.5]
[-0.90848666 -1.036453    0.43490642 -0.5531791 ],[-1.  -1.   0.5 -0.5]
[-1.0929196 -1.7251992 -1.124485   1.8948745],[-1.142 -1.81  -1.075  1.903]
[-1.5408175  -0.00792533  1.7292485   1.5055385 ],[-1.447 -0.102  1.541  1.316]
[-2.397334  -1.3062867 -2.175891  -1.654789 ],[-2.428 -1.282 -2.128 -1.679]
[-1.5315404  -1.3981075   0.00973676  0.07543889],[-1.5 -1.3  0.   0. ]
[-1.92966    -1.5707928  -0.08028792  0.16673884],[-1.805 -1.468  0.05   0.431]
[-1.3937639 -0.9818927 -1.5333551  1.4436011],[-1.  -1.  -1.5  1.5]
[-2.0233073 -1.8239079  0.9027753  1.0007943],[-2.  -1.8  1.   1.1]
[-2.231916  -1.0343707  1.672179  -1.5621729],[-2.  -1.   1.5 -1.5]
[-1.030326  -1.4454346 -1.0884559  1.7532927],[-1.  -1.  -1.5  1.5]
[-2.219272   -2.0737555   0.47110516 -0.7015215 ],[-2.  -2.   0.5 -0.5]
[-1.146548  -1.4446387 -1.2068026  1.5571551],[-1.142 -1.81  -1.075  1.903]
[-2.1095297  -0.05788589 -1.6082883   1.591104  ],[-2.071 -0.077 -1.788  1.576]
[-1.2365935  -0.7215688   0.50385743  1.9515086 ],[-1.292 -0.707  0.644  1.914]
[-1.9082211  -0.32316756 -1.5726709   1.5001025 ],[-2.071 -0.077 -1.788  1.576]
[-1.2216747  -0.7378775   0.46755016  1.9583861 ],[-1.292 -0.707  0.644  1.914]
[-2.1678033  -1.2413108   0.00886266  0.14069754],[-2.1 -1.1  0.   0. ]
[-1.3890502  -0.82982194 -0.4992622   1.4694877 ],[-1.  -1.  -1.5  1.5]
[-1.5346274  -1.3893349  -0.04875331  0.08621598],[-1.5 -1.3  0.   0. ]
[-2.2294345 -1.026201   1.6616775 -1.5399055],[-2.  -1.   1.5 -1.5]
[-0.9960624  -0.58742386  0.13153839  0.28557536],[-0.56  -0.123  0.045  0.323]
[-1.2123829  -0.7465724   0.44487602  1.9614911 ],[-1.292 -0.707  0.644  1.914]
[-1.1504332 -1.0379834 -1.4875128  1.4971058],[-1.  -1.  -1.5  1.5]
[-1.5837126  -0.98352134 -0.01463278  0.11840029],[-1.5 -1.   0.   0.1]
[-1.2798601 -0.7088378  0.5366052  1.9016702],[-1.292 -0.707  0.644  1.914]
[-1.684411   -1.5093414  -0.02887048  0.4565018 ],[-1.805 -1.468  0.05   0.431]
[-1.9296182  -1.7168534   0.5145776   0.18078068],[-2.  -2.   0.5 -0.5]
[-1.8931085  -1.5610191  -0.07375158  0.23775254],[-2.  -1.5  0.   0.1]
[-1.6861082  -1.0048949  -0.03277336  0.11424726],[-1.5 -1.   0.   0.1]
[-2.250051   -2.0227342   0.47550786 -0.661097  ],[-2.  -2.   0.5 -0.5]
[-2.2598264 -1.0325422  1.6207619 -1.3703742],[-2.  -1.   1.5 -1.5]
[-0.19694299 -0.5372871  -1.0089719  -1.1189191 ],[-0.2 -0.5 -1.  -1.1]
[-1.5521779  -1.4383734   0.00535606  0.08835094],[-1.5 -1.3  0.   0. ]
[-1.6666814  -0.64315915 -1.5055742   1.4854174 ],[-1.5 -1.  -1.5  1.5]
[-2.0427437  -1.0496066  -0.04526091  0.01402972],[-2.1 -1.1  0.   0. ]
[-1.2968767  -0.68906415  0.5919965   1.9038308 ],[-1.292 -0.707  0.644  1.914]
[-1.2290301  -0.73164034  0.48372972  1.9550469 ],[-1.292 -0.707  0.644  1.914]
[-0.90206665 -1.050693    0.45010638 -0.52347755],[-1.  -1.   0.5 -0.5]
[-0.57859266 -0.15537882  0.04686855  0.29371724],[-0.56  -0.123  0.045  0.323]
[-1.1818213 -1.0793014 -0.956036   1.4996496],[-1.  -1.  -1.5  1.5]
[-1.9166732  -0.78645444 -1.7748384   0.9052834 ],[-2.071 -0.077 -1.788  1.576]
[-2.3723927 -1.3596358 -2.1462862 -1.6569493],[-2.428 -1.282 -2.128 -1.679]
[-2.3903031 -1.3285182 -2.1616507 -1.6646312],[-2.428 -1.282 -2.128 -1.679]
[-1.5415106  -1.4279044  -0.01243682  0.08423079],[-1.5 -1.3  0.   0. ]
[-1.4415427  -0.64370346  0.21904059  1.47261   ],[-1.564 -0.566 -0.708  1.404]
[-1.8105308  -1.5226417  -0.05707695  0.39313492],[-1.805 -1.468  0.05   0.431]
[-1.0929424 -1.7374485 -1.1252575  1.9069167],[-1.142 -1.81  -1.075  1.903]
[-0.5792879  -0.15685725  0.04683504  0.29282728],[-0.56  -0.123  0.045  0.323]
[-1.6224709  -1.4702475   0.05197491  0.327332  ],[-1.805 -1.468  0.05   0.431]
[-2.5332515 -1.3091133 -2.400056  -1.6588674],[-2.428 -1.282 -2.128 -1.679]
[-1.5479653  -1.3920133  -0.046382    0.08351775],[-1.5 -1.3  0.   0. ]
[-2.002119  -1.8933187  0.9018646  1.0386083],[-2.  -1.8  1.   1.1]
[-1.1247381 -1.9680612 -1.1063994  1.9566436],[-1.142 -1.81  -1.075  1.903]
[-2.0760276  -1.0642672  -0.04712994  0.01015812],[-2.1 -1.1  0.   0. ]
[-2.253296   -2.0213034   0.47586346 -0.65975356],[-2.  -2.   0.5 -0.5]
[-1.6012819  -0.9909736  -0.0210501   0.11741759],[-1.5 -1.   0.   0.1]
[-2.2400055  -2.0406053   0.47402877 -0.6751964 ],[-2.  -2.   0.5 -0.5]
[-1.4464855 -0.9402999 -1.5205164  1.4441711],[-1.  -1.  -1.5  1.5]
[-1.9223226  -1.5704548  -0.0786622   0.17859183],[-2.  -1.5  0.   0.1]
[-1.9377124  -1.5897434   0.32173276  1.0617589 ],[-2.  -2.   0.5 -0.5]
[-1.9188799  -0.30797917 -1.5741273   1.5037993 ],[-2.071 -0.077 -1.788  1.576]
[-0.18860441 -0.53001356 -1.0325308  -1.1413578 ],[-0.2 -0.5 -1.  -1.1]
[-1.4208384  -0.5504777   0.27131116  1.568678  ],[-1.564 -0.566 -0.708  1.404]
[-1.5239911 -0.7257295 -0.6555591  1.378496 ],[-1.564 -0.566 -0.708  1.404]
[-0.97183615 -1.0577531   0.3690527  -0.5079954 ],[-1.  -1.   0.5 -0.5]
[-2.01194    -1.8789239   0.92416584  1.0307131 ],[-2.  -1.8  1.   1.1]
[-1.1603303  -0.7900497   0.33218962  1.9860255 ],[-1.292 -0.707  0.644  1.914]
[-1.4990102 -0.9969889 -1.3077406  1.3761442],[-1.5 -1.  -1.5  1.5]
[-0.21261936 -0.5530327  -1.0368501  -1.1548249 ],[-0.2 -0.5 -1.  -1.1]
[-0.6795667  -0.27162552  0.06464683  0.27818322],[-0.56  -0.123  0.045  0.323]
[-2.50308   -1.2557518  1.9538201 -1.7911122],[-2.  -1.   1.5 -1.5]
[-2.3892863 -1.3298911 -2.160808  -1.6640825],[-2.428 -1.282 -2.128 -1.679]
[-1.1518064 -1.0376778 -1.4879144  1.4958972],[-1.  -1.  -1.5  1.5]
[-1.931759   -1.5672758  -0.08115257  0.15677196],[-2.  -1.5  0.   0.1]
[-2.1548924  -1.0660412  -0.043723   -0.00825732],[-2.1 -1.1  0.   0. ]
[-1.4450362  -0.55983746  0.7929359   1.7629774 ],[-1.447 -0.102  1.541  1.316]
[-1.4555866  -0.07487416  1.55539     1.3324424 ],[-1.447 -0.102  1.541  1.316]
[-1.676949   -1.5100935  -0.02432005  0.4411064 ],[-1.805 -1.468  0.05   0.431]
[-1.5371447  -1.4055254   0.01529233  0.07777014],[-2.  -1.5  0.   0.1]
[-1.1482322  -0.7871423   0.34164935  2.0094903 ],[-1.292 -0.707  0.644  1.914]
[-1.4908595  -1.3649826  -0.38713294  0.6407521 ],[-1.  -1.  -1.5  1.5]
[-0.8928917  -0.48456335  0.10971417  0.28307006],[-0.56  -0.123  0.045  0.323]
[-1.5560517  -1.4466071   0.00593086  0.09193864],[-1.5 -1.3  0.   0. ]
[-1.1690934  -1.0828617  -0.88917893  1.481999  ],[-1.  -1.  -1.5  1.5]
[-2.1194072  -1.0710346  -0.04691355  0.002358  ],[-2.1 -1.1  0.   0. ]
[-0.5710952  -0.13943437  0.04722987  0.30331495],[-0.56  -0.123  0.045  0.323]
[-1.8338957 -0.4235582 -1.5467548  1.4990764],[-2.071 -0.077 -1.788  1.576]
[-1.4410777  -0.08627087  1.5257936   1.3029763 ],[-1.447 -0.102  1.541  1.316]
[-0.9447015 -1.0629258  0.3792398 -0.5003939],[-1.  -1.   0.5 -0.5]
[-1.2596214 -0.7144059  0.5271689  1.9292749],[-1.292 -0.707  0.644  1.914]
[-0.66022754 -0.25128168  0.06080029  0.27894092],[-0.56  -0.123  0.045  0.323]
[-2.1288004 -1.9090235  1.1048245  0.5502998],[-1.292 -0.707  0.644  1.914]
[-2.0047994 -1.8640194  0.9192101  1.0079429],[-2.  -1.8  1.   1.1]
[-2.5386364 -1.2562261 -2.3642352 -1.680729 ],[-2.428 -1.282 -2.128 -1.679]
[-1.4605243 -0.7516513 -1.2844961  1.427021 ],[-2.071 -0.077 -1.788  1.576]
[-2.0124176 -1.8776743  0.9266692  1.0292742],[-2.  -1.8  1.   1.1]
[-1.6060566 -0.7423982 -0.7398714  1.3284229],[-1.564 -0.566 -0.708  1.404]
[-1.5858982  -1.403913   -0.04331313  0.06812029],[-1.5 -1.3  0.   0. ]
[-1.604747   -0.74796295 -0.7393053   1.3255405 ],[-2.  -1.   1.5 -1.5]
[-2.0111318 -1.8802714  0.9275473  1.0307462],[-2.  -1.8  1.   1.1]
[-1.6247083 -0.9130122 -1.4350374  1.4251626],[-2.428 -1.282 -2.128 -1.679]
[-2.2476382  -2.0289102   0.47509652 -0.6658782 ],[-2.  -2.   0.5 -0.5]
[-1.4299178 -0.9647458 -1.5300969  1.440177 ],[-1.  -1.  -1.5  1.5]
[-2.01326   -1.8748734  0.9305058  1.026667 ],[-2.  -1.8  1.   1.1]
[-1.2612466  -0.7019457   0.56110555  1.9436648 ],[-1.292 -0.707  0.644  1.914]
[-1.2722872 -0.7019287  0.5597889  1.9258962],[-1.292 -0.707  0.644  1.914]
[-0.20663524 -0.5461478  -1.031199   -1.1487733 ],[-0.2 -0.5 -1.  -1.1]
[-1.1420842 -1.0398424 -1.4850701  1.5044543],[-1.  -1.  -1.5  1.5]
[-1.8077316  -1.5211544  -0.05743639  0.40151653],[-1.805 -1.468  0.05   0.431]
[-1.1457208 -1.0390328 -1.4861342  1.5012534],[-1.  -1.  -1.5  1.5]
[-2.010082   -0.17818612 -1.5845025   1.5419916 ],[-2.071 -0.077 -1.788  1.576]
[-1.8637283  -1.5491414  -0.06510378  0.28366074],[-1.805 -1.468  0.05   0.431]
[-2.375615  -1.3545961 -2.1489275 -1.6585364],[-2.428 -1.282 -2.128 -1.679]
[-1.6629012  -0.983305    0.96837324 -1.2028171 ],[-2.  -1.   1.5 -1.5]
[-1.842965   -1.5368664  -0.05685975  0.32475194],[-1.805 -1.468  0.05   0.431]
[-1.4931071  -0.04540187  1.6319261   1.4086429 ],[-1.447 -0.102  1.541  1.316]
[-1.6245849  -0.99305284 -0.02339146  0.11647824],[-1.5 -1.   0.   0.1]
[-1.4399042 -0.9500111 -1.5243223  1.4425845],[-1.5 -1.  -1.5  1.5]
[-0.69462997 -0.2885576   0.06739316  0.27633885],[-0.56  -0.123  0.045  0.323]
[-2.1945815  -1.136554   -0.00664136  0.08041251],[-2.1 -1.1  0.   0. ]
[-0.19581121 -0.5366112  -1.0219328  -1.133     ],[-0.2 -0.5 -1.  -1.1]
[-0.21545231 -0.55678993 -1.0117574  -1.1252803 ],[-0.2 -0.5 -1.  -1.1]
[-2.0745263  -1.4743512   0.31537497  0.6188137 ],[-2.  -1.8  1.   1.1]
[-1.7474391  -1.5183938  -0.04781817  0.47642332],[-2.  -1.5  0.   0.1]
[-1.5088495  -0.03303617  1.664039    1.4406143 ],[-1.447 -0.102  1.541  1.316]
[-0.20357716 -0.5433137  -1.0366975  -1.1535401 ],[-0.2 -0.5 -1.  -1.1]
[-1.5999746 -0.8386274 -0.7336135  1.2742118],[-1.564 -0.566 -0.708  1.404]
[-0.9429661  -1.0497336   0.43718576 -0.5395964 ],[-1.  -1.   0.5 -0.5]
[-2.5398626 -1.2550962 -2.3634067 -1.683201 ],[-2.428 -1.282 -2.128 -1.679]
[-1.8897442  -1.5592942  -0.0730838   0.24402764],[-1.805 -1.468  0.05   0.431]
[-2.3979044 -1.3117881 -2.1697555 -1.6653769],[-2.428 -1.282 -2.128 -1.679]
[-2.2420459  -2.036645    0.47435778 -0.6720781 ],[-2.  -2.   0.5 -0.5]
[-0.9210582  -1.0455427   0.4219662  -0.55107725],[-1.  -1.   0.5 -0.5]
[-1.5915476  -1.4097661  -0.05113684  0.06086362],[-1.5 -1.3  0.   0. ]
[-1.4670919  -1.410371    0.1847863  -0.06255522],[-1.  -1.   0.5 -0.5]
[-1.8476791  -1.5390222  -0.05856706  0.31656232],[-2.  -1.5  0.   0.1]
[-2.0531492  -1.0608644  -0.04723768  0.01439551],[-2.1 -1.1  0.   0. ]
[-1.6100643  -1.4189858  -0.04749505  0.05590206],[-1.5 -1.3  0.   0. ]
[-1.5233269  -1.3855133  -0.01791142  0.07804931],[-1.5 -1.3  0.   0. ]
[-0.9162423  -1.0365137   0.44158864 -0.5525625 ],[-1.  -1.   0.5 -0.5]
[-2.1107059  -1.0540613  -0.04582615 -0.00422578],[-1.5 -1.   0.   0.1]
[-0.20979255 -0.54988986 -1.0375775  -1.1556771 ],[-0.2 -0.5 -1.  -1.1]
[-1.6045893  -0.7486345  -0.73923707  1.3251925 ],[-1.564 -0.566 -0.708  1.404]
[-2.2319572 -1.0116698  1.6592422 -1.5104874],[-2.  -1.   1.5 -1.5]
[-1.7650828  -1.5371022  -0.04835029  0.40602708],[-1.805 -1.468  0.05   0.431]
[-0.20239186 -0.5423193  -1.0378066  -1.1542027 ],[-0.2 -0.5 -1.  -1.1]
[-1.8299067 -0.9781977  1.3173859 -1.4534228],[-2.  -1.   1.5 -1.5]
[-1.0498441  -1.0777369   0.38551885 -0.4415864 ],[-1.  -1.   0.5 -0.5]
[-1.813437   -1.5240414  -0.05694555  0.38713872],[-1.805 -1.468  0.05   0.431]
[-1.6248956  -1.4875288   0.04076423  0.29848954],[-1.805 -1.468  0.05   0.431]
[-1.6131401  -0.71644676 -0.74642664  1.34904   ],[-1.564 -0.566 -0.708  1.404]
[-1.7124218  -1.0124037  -0.03691208  0.10384636],[-1.5 -1.   0.   0.1]
[-1.094436   -1.0356023   0.47688973 -0.69428   ],[-1.  -1.   0.5 -0.5]
[-0.52469504 -0.0407576   0.04946603  0.3627132 ],[-0.56  -0.123  0.045  0.323]
[-1.8639718  -1.5467381  -0.06483574  0.2890891 ],[-2.  -1.5  0.   0.1]
[-1.5803683  -1.4057992  -0.0497586   0.06768512],[-2.  -1.5  0.   0.1]
[-0.18593895 -0.5278474  -1.0057214  -1.109767  ],[-0.2 -0.5 -1.  -1.1]
[-1.7041979  -1.5217631  -0.04176818  0.47339234],[-1.805 -1.468  0.05   0.431]
[-1.6743035  -1.058733   -0.59339964  0.7359747 ],[-1.  -1.  -1.5  1.5]
[-2.1845093e+00 -1.1105294e+00 -3.2829717e-02 -3.4887902e-04],[-2.1 -1.1  0.   0. ]
[-1.2161734  -0.7393666   0.46415007  1.965219  ],[-1.292 -0.707  0.644  1.914]
[-0.2216835 -0.5646342 -1.0476068 -1.1647483],[-0.2 -0.5 -1.  -1.1]
[-2.2558875  -2.013561    0.47603655 -0.6536925 ],[-2.  -2.   0.5 -0.5]
[-2.237783   -2.045059    0.47374302 -0.6786539 ],[-2.  -2.   0.5 -0.5]
[-2.2342596  -2.0329843   0.33991724 -0.7314996 ],[-2.  -2.   0.5 -0.5]
[-1.5232189  -1.3796084  -0.00847064  0.0704016 ],[-1.5 -1.3  0.   0. ]
[-1.532236  -0.7249729 -0.6638068  1.3773881],[-1.564 -0.566 -0.708  1.404]
[-1.6094496  -1.4185374  -0.04730736  0.05640567],[-1.5 -1.3  0.   0. ]
[-1.8673502  -1.5548371  -0.06058548  0.15798764],[-1.5 -1.3  0.   0. ]
[-1.5030836 -0.9844478 -1.2071812  1.3194183],[-1.5 -1.  -1.5  1.5]
[-1.4923666 -0.7366158 -1.1542358  1.4871672],[-1.  -1.  -1.5  1.5]
[-1.4109474  -0.5540502   0.07372589  1.5078722 ],[-1.292 -0.707  0.644  1.914]
[-0.8654656 -1.0916562  0.4402179 -0.468504 ],[-1.  -1.   0.5 -0.5]
[-1.4448128  -0.14640555  1.4746039   1.1323519 ],[-1.447 -0.102  1.541  1.316]
[-2.085137   -1.0565934  -0.04550715  0.00561574],[-2.1 -1.1  0.   0. ]
[-2.2329178 -1.1700945  1.6774141 -1.6908872],[-2.  -1.   1.5 -1.5]
[-1.6052881  -0.80448526 -0.7166176   1.2916961 ],[-1.564 -0.566 -0.708  1.404]
[-2.3967526 -1.3157108 -2.1675117 -1.6668221],[-2.428 -1.282 -2.128 -1.679]
[-2.0051942  -1.8644202   0.92024225  1.0070457 ],[-2.  -1.8  1.   1.1]
[-2.4011097 -1.2896466 -2.1983147 -1.6305912],[-2.428 -1.282 -2.128 -1.679]
[-1.4991187 -1.0402284 -1.4271344  1.3414605],[-1.5 -1.  -1.5  1.5]
[-1.1921138 -1.0292244 -1.5001298  1.4612744],[-1.  -1.  -1.5  1.5]
[-1.8589119  -1.5443418  -0.06288911  0.29762137],[-1.805 -1.468  0.05   0.431]
[-1.5147514  -0.02840012  1.6760778   1.4526007 ],[-1.447 -0.102  1.541  1.316]
[-0.8306318  -0.42310846  0.09640195  0.28084478],[-0.56  -0.123  0.045  0.323]
[-1.4895272  -0.87679154 -1.4956267   1.4545482 ],[-1.5 -1.  -1.5  1.5]
[-1.5740619 -0.7204168 -0.7061318  1.3694618],[-1.564 -0.566 -0.708  1.404]
[-1.9403208  -1.0371175  -0.04166405  0.04458477],[-1.5 -1.   0.   0.1]
[-1.0803819  -1.8195486  -0.84319687  1.8989089 ],[-1.142 -1.81  -1.075  1.903]
[-1.7027698 -1.0343459 -1.2213063  1.3671844],[-1.5 -1.  -1.5  1.5]
[-1.5903467  -1.4083414  -0.04956757  0.06426301],[-2.  -1.5  0.   0.1]
[-0.18970752 -0.53089553 -1.0122156  -1.118969  ],[-0.2 -0.5 -1.  -1.1]
[-2.0910957 -0.0793153 -1.6032251  1.5821191],[-2.071 -0.077 -1.788  1.576]
[-2.3845649 -1.3366199 -2.1572294 -1.6614316],[-2.428 -1.282 -2.128 -1.679]
[-1.9301664  -1.3793061  -0.24943571  1.2727339 ],[-2.  -1.8  1.   1.1]
[-1.9112326 -1.5467426 -0.078568   0.1542088],[-2.  -1.5  0.   0.1]
[-2.2390482 -1.0083039  1.6625998 -1.491947 ],[-2.  -1.   1.5 -1.5]
[-2.1453302  -2.1248314   0.45349002 -0.744945  ],[-2.  -2.   0.5 -0.5]
[-1.2670132 -0.706696   0.547379   1.9278874],[-1.292 -0.707  0.644  1.914]
[-1.5124973  -0.03017086  1.6714793   1.4480228 ],[-1.447 -0.102  1.541  1.316]
[-1.5936341  -0.41699874  1.0214987   1.0876477 ],[-1.564 -0.566 -0.708  1.404]
[-0.9225992  -1.0592654   0.45341754 -0.52114874],[-1.  -1.   0.5 -0.5]
[-1.7655605  -1.0120652  -0.03417228  0.097557  ],[-1.5 -1.   0.   0.1]
[-2.249434   -2.0264502   0.47534925 -0.6638954 ],[-2.  -2.   0.5 -0.5]
[-1.952341   -1.0416749  -0.04552124  0.03518589],[-1.5 -1.   0.   0.1]
[-1.6064034  -0.7148352  -0.74023783  1.3583854 ],[-1.564 -0.566 -0.708  1.404]
[-1.9253714 -1.0397096  1.4312485 -1.4731717],[-2.  -1.   1.5 -1.5]
[-1.8265622  -1.0275844  -0.04253724  0.07025881],[-1.5 -1.   0.   0.1]
[-1.8094873  -1.5326092  -0.05536716  0.3685604 ],[-2.  -1.5  0.   0.1]
[-1.914938   -1.5669641  -0.07538511  0.15468265],[-2.  -1.5  0.   0.1]
[-0.20142448 -0.54135954 -1.026338   -1.1407673 ],[-0.2 -0.5 -1.  -1.1]
[-1.5538828 -0.7888941 -1.480068   1.4707767],[-1.564 -0.566 -0.708  1.404]
[-1.1628466 -1.0055833 -1.4668255  1.5049727],[-2.071 -0.077 -1.788  1.576]
[-0.18023574 -0.52269787 -1.0184466  -1.1212819 ],[-0.2 -0.5 -1.  -1.1]
[-1.8789048  -1.5652268  -0.0683258   0.23533936],[-2.  -1.5  0.   0.1]
[-0.21095592 -0.5513405  -1.0264854  -1.1427835 ],[-0.2 -0.5 -1.  -1.1]
[-1.8394936  -1.5358669  -0.05641557  0.33261737],[-2.  -1.5  0.   0.1]
[-1.764756   -1.5192025  -0.05130778  0.46358237],[-1.805 -1.468  0.05   0.431]
[-1.6036206  -0.71568775 -0.7370691   1.3590035 ],[-1.564 -0.566 -0.708  1.404]
[-1.6063789 -0.7148434 -0.7402097  1.3583901],[-1.564 -0.566 -0.708  1.404]
[-1.9402387  -1.034564   -0.0449263   0.03592148],[-1.5 -1.   0.   0.1]
[-2.1199741  -1.0721159  -0.04707943  0.00257977],[-2.1 -1.1  0.   0. ]
[-2.4088883 -1.2952749 -2.1911376 -1.6513196],[-2.428 -1.282 -2.128 -1.679]
[-2.0725958  -1.0536726  -0.04562631  0.00711409],[-2.1 -1.1  0.   0. ]
[-1.3136976  -1.2576704   0.26508647 -0.39767978],[-1.5 -1.  -1.5  1.5]
[-2.1701665  -2.1081996   0.46588892 -0.729121  ],[-2.  -2.   0.5 -0.5]
[-1.6098967  -1.487395    0.05944698  0.16809775],[-2.  -1.5  0.   0.1]
[-1.1204295 -2.0268273 -1.1410949  1.9858623],[-1.142 -1.81  -1.075  1.903]
[-2.1201222 -0.0455724 -1.6111977  1.5962666],[-2.071 -0.077 -1.788  1.576]
[-2.3975136 -1.3098695 -2.171874  -1.6614103],[-2.428 -1.282 -2.128 -1.679]
[-1.9505913  -0.26279157 -1.5784609   1.5147982 ],[-1.5 -1.  -1.5  1.5]
[-2.124083   -1.0596354  -0.04527193 -0.003328  ],[-2.1 -1.1  0.   0. ]
[-1.1263599 -1.8666792 -1.056533   1.9389249],[-1.142 -1.81  -1.075  1.903]
[-0.21382141 -0.5554438  -1.045977   -1.1636214 ],[-0.2 -0.5 -1.  -1.1]
[-0.21041393 -0.5505802  -1.0424985  -1.1612848 ],[-0.2 -0.5 -1.  -1.1]
[-1.9808502  -0.21970984 -1.5821441   1.5267134 ],[-2.071 -0.077 -1.788  1.576]
[-1.6036811  -0.715678   -0.73713225  1.3589821 ],[-1.564 -0.566 -0.708  1.404]
[-1.052252  -1.4406251 -1.1706358  1.7463505],[-1.142 -1.81  -1.075  1.903]
[-2.1123323 -0.0546279 -1.6090583  1.5924699],[-2.071 -0.077 -1.788  1.576]
[-1.5984468  -0.84714437 -0.7396668   1.2698514 ],[-1.564 -0.566 -0.708  1.404]
[-2.188094   -1.1126511  -0.03334467  0.01031351],[-2.1 -1.1  0.   0. ]
[-2.233523  -1.0179303  1.6688437 -1.53146  ],[-2.  -1.   1.5 -1.5]
[-1.4956992  -0.04336566  1.6372138   1.4139075 ],[-1.447 -0.102  1.541  1.316]
[-2.0412173  -1.0624888  -0.04761456  0.01734024],[-2.1 -1.1  0.   0. ]
[-2.0115204  -1.8794367   0.92612505  1.0305877 ],[-2.  -1.8  1.   1.1]
[-1.4960171 -0.7605237 -1.1944296  1.4926376],[-1.  -1.  -1.5  1.5]
[-1.91521    -1.5701275  -0.07708643  0.19008204],[-2.  -1.5  0.   0.1]
[-1.0947917 -1.8569307 -0.9086364  1.9362822],[-1.142 -1.81  -1.075  1.903]
[-1.5465975  -0.973588   -0.00250366  0.12568389],[-1.5 -1.   0.   0.1]
[-0.8796996  -1.0675654   0.44848365 -0.5016817 ],[-1.  -1.   0.5 -0.5]
[-1.5216553 -0.8293861 -1.4770482  1.4622941],[-2.071 -0.077 -1.788  1.576]
[-1.0724678  -0.83808666  0.21143384  2.0620434 ],[-1.292 -0.707  0.644  1.914]
[-1.5532658 -0.6854468 -1.0622708  1.4545709],[-2.071 -0.077 -1.788  1.576]
[-1.2314321 -1.0253398 -1.5138571  1.4576287],[-1.  -1.  -1.5  1.5]
[-1.2471237 -1.0238408 -1.5193235  1.4569721],[-1.  -1.  -1.5  1.5]
[-2.125492   -0.03932971 -1.6126726   1.5988841 ],[-2.071 -0.077 -1.788  1.576]
[-1.5223466  -1.3881137  -0.02446748  0.07630412],[-1.5 -1.3  0.   0. ]
[-1.5671788  -1.400497   -0.04704146  0.07534904],[-2.  -1.5  0.   0.1]
[-1.0755268 -1.2969886 -1.2270893  1.7415854],[-1.142 -1.81  -1.075  1.903]
[-0.20684958 -0.5462525  -1.0328431  -1.1508243 ],[-0.2 -0.5 -1.  -1.1]
[-2.232442  -1.0179014  1.6654912 -1.528294 ],[-2.  -1.   1.5 -1.5]
[-1.2912621  -0.9265832   0.26522398 -0.286455  ],[-1.  -1.   0.5 -0.5]
[-1.1557834 -1.0110652 -1.4699619  1.5046248],[-1.  -1.  -1.5  1.5]
[-2.2450151  -2.033168    0.47471744 -0.6692603 ],[-2.  -2.   0.5 -0.5]
[-2.446812  -1.3045175 -2.2132719 -1.7211244],[-2.428 -1.282 -2.128 -1.679]
[-1.6083835 -0.7358018 -0.7403206  1.3325006],[-1.564 -0.566 -0.708  1.404]
[-2.4013858 -1.2946572 -2.1901736 -1.6397233],[-2.428 -1.282 -2.128 -1.679]
[-2.2292364 -1.0311217  1.6636777 -1.5501525],[-2.  -1.   1.5 -1.5]
[-1.2159394 -1.4218435 -1.0069747  1.457874 ],[-1.142 -1.81  -1.075  1.903]
[-1.2315011  -0.7342366   0.47631133  1.9475209 ],[-1.292 -0.707  0.644  1.914]
[-0.19420248 -0.53508365 -1.0154921  -1.1249211 ],[-0.2 -0.5 -1.  -1.1]
[-1.3405956  -0.69464916  0.5891295   1.839675  ],[-1.292 -0.707  0.644  1.914]
[-1.0973732 -1.7576618 -1.1135519  1.9151928],[-1.142 -1.81  -1.075  1.903]
[-0.178025   -0.52077854 -0.9947012  -1.0933709 ],[-0.2 -0.5 -1.  -1.1]
[-1.7309606  -1.0104843  -0.03405319  0.10697653],[-1.5 -1.   0.   0.1]
[-2.010219  -1.8664505  0.9253468  1.0106486],[-2.  -1.8  1.   1.1]
[-1.2319714 -0.721817   0.5033068  1.9582734],[-1.292 -0.707  0.644  1.914]
[-1.928861   -1.5644956  -0.08088078  0.15660977],[-2.  -1.5  0.   0.1]
[-1.9369767  -0.28219193 -1.5766004   1.5100762 ],[-2.071 -0.077 -1.788  1.576]
[-1.5864     -0.9823449  -0.01226769  0.11897498],[-1.5 -1.   0.   0.1]
[-1.1106323 -1.167893  -1.3398051  1.7172462],[-1.142 -1.81  -1.075  1.903]
[-1.9151435  -1.357132   -0.31693333  1.2812383 ],[-2.  -1.8  1.   1.1]
[-1.4701915  -0.06340194  1.5851821   1.3621038 ],[-1.447 -0.102  1.541  1.316]
[-2.0587358  -1.0607669  -0.04695554  0.01325418],[-2.1 -1.1  0.   0. ]
[-0.8892621  -1.0376091   0.40005654 -0.49810913],[-1.  -1.   0.5 -0.5]
[-1.2467494 -0.9644899 -1.4284539  1.4974041],[-1.  -1.  -1.5  1.5]
[-1.2177343 -1.0266483 -1.5090854  1.458202 ],[-1.  -1.  -1.5  1.5]
[-0.9140969 -1.0676143  0.3582766 -0.5358722],[-1.  -1.   0.5 -0.5]
[-0.57244253 -0.14229962  0.04716494  0.3015902 ],[-0.56  -0.123  0.045  0.323]
[-0.21855152 -0.560716   -1.0329895  -1.1487532 ],[-0.2 -0.5 -1.  -1.1]
[-1.659203   -0.65298057 -1.5037326   1.4848065 ],[-1.5 -1.  -1.5  1.5]
[-0.8096887  -0.4019079   0.0920454   0.28070617],[-0.56  -0.123  0.045  0.323]
[-1.8259257  -1.5300568  -0.05638067  0.36137065],[-1.805 -1.468  0.05   0.431]
[-0.63285834 -0.22504577  0.05476909  0.27706268],[-0.56  -0.123  0.045  0.323]
[-1.6132476  -0.71701103 -0.7463307   1.3480154 ],[-1.564 -0.566 -0.708  1.404]
[-1.8228335  -1.5285676  -0.05652063  0.36775097],[-1.805 -1.468  0.05   0.431]
[-1.4567246  -0.07398015  1.5577115   1.334754  ],[-1.447 -0.102  1.541  1.316]
[-2.0992913  -1.066922   -0.04675421  0.00584559],[-2.1 -1.1  0.   0. ]
[-1.1406248 -1.4179475 -1.2492847  1.6224744],[-1.142 -1.81  -1.075  1.903]
[-1.9927716 -1.7278595  0.4920895  1.1663048],[-2.  -1.8  1.   1.1]
[-2.2006295  -2.1024802   0.46848541 -0.7244045 ],[-2.  -2.   0.5 -0.5]
[-2.0257454  -1.0545694  -0.0468964   0.01893374],[-2.1 -1.1  0.   0. ]
[-1.5093056  -1.5931542  -0.12563865  0.6160379 ],[-1.142 -1.81  -1.075  1.903]
[-1.4538743  -0.07621908  1.5518972   1.3289652 ],[-1.447 -0.102  1.541  1.316]
[-2.4063425 -1.3003719 -2.1847346 -1.6568389],[-2.428 -1.282 -2.128 -1.679]
[-2.5351734 -1.2846785 -2.3822987 -1.6675417],[-2.428 -1.282 -2.128 -1.679]
[-0.87332463 -1.0578169   0.44156432 -0.49693587],[-1.  -1.   0.5 -0.5]
[-1.0963185 -1.4281228 -1.0559756  1.7604624],[-1.142 -1.81  -1.075  1.903]
[-1.8433359 -0.9955603  1.3361896 -1.4546816],[-2.  -1.   1.5 -1.5]
[-1.9042438  -1.566621   -0.07587819  0.21645552],[-2.  -1.5  0.   0.1]
[-1.9090382  -1.5684056  -0.07630394  0.20419896],[-2.  -1.5  0.   0.1]
[-1.6772757  -0.62924606 -1.5081835   1.486283  ],[-1.5 -1.  -1.5  1.5]
[-2.0918941  -1.0672129  -0.03276001 -0.02443592],[-2.1 -1.1  0.   0. ]
[-1.0766588 -1.7140703 -0.7020159  1.8763062],[-1.142 -1.81  -1.075  1.903]
[-1.5225356  -1.3933899  -0.01619913  0.07181295],[-1.5 -1.3  0.   0. ]
[-1.1283512 -1.863395  -1.0521404  1.9298178],[-1.142 -1.81  -1.075  1.903]
[-1.6242049   0.05757535  1.899347    1.6748903 ],[-1.447 -0.102  1.541  1.316]
[-2.0230353  -1.82405     0.89756864  0.9991739 ],[-2.  -1.8  1.   1.1]
[-1.4487019  -0.08028209  1.5413461   1.3184602 ],[-1.447 -0.102  1.541  1.316]
[-2.0744736  -1.0650027  -0.04718147  0.01100186],[-2.1 -1.1  0.   0. ]
[-1.7215722  -1.5072265  -0.04141434  0.49017337],[-1.805 -1.468  0.05   0.431]
[-1.5376236  -0.25946864  1.3808944   0.9532698 ],[-1.564 -0.566 -0.708  1.404]
[-2.2476397  -1.3378422   1.5641792  -0.79100144],[-2.  -1.   1.5 -1.5]
[-1.8452569  -1.5378749  -0.05763505  0.32064664],[-2.  -1.5  0.   0.1]
[-1.0985237  -1.0244201   0.26238543 -0.42480674],[-1.  -1.   0.5 -0.5]
[-0.9005214  -1.0456085   0.44338614 -0.5325373 ],[-1.  -1.   0.5 -0.5]
[-0.20777977 -0.5488207  -1.0241226  -1.1386061 ],[-0.2 -0.5 -1.  -1.1]
[-1.4990045  -0.04076946  1.6439561   1.4206202 ],[-1.447 -0.102  1.541  1.316]
[-2.1512592  -1.0624639  -0.04442023 -0.011362  ],[-1.5 -1.   0.   0.1]
[-1.5690721  -1.3981504  -0.04247694  0.07310317],[-1.5 -1.3  0.   0. ]
[-2.003395  -1.858484   0.9053066  1.0292969],[-2.  -1.8  1.   1.1]
[-1.0993929 -1.7645378 -1.1080561  1.916656 ],[-1.142 -1.81  -1.075  1.903]
[-1.7033119   0.11971378  2.060714    1.835549  ],[-1.447 -0.102  1.541  1.316]
[-1.7785895  -1.5171177  -0.0540271   0.44847867],[-2.  -1.5  0.   0.1]
[-1.5318236  -1.4093497  -0.01436959  0.07562079],[-1.5 -1.3  0.   0. ]
[-1.0276926 -1.22891   -1.2241137  1.7299707],[-1.  -1.  -1.5  1.5]
[-1.5477816  -0.9754599  -0.0051374   0.12458545],[-1.5 -1.   0.   0.1]
[-1.8271978  -1.0247847  -0.03965619  0.07482987],[-1.5 -1.   0.   0.1]
[-1.5102625 -1.0354013 -1.440484   1.3454497],[-1.5 -1.  -1.5  1.5]
[-1.4920654 -0.8730463 -1.4941592  1.4551601],[-1.5 -1.  -1.5  1.5]
[-1.7548361  -1.0110769  -0.0326947   0.10337529],[-1.5 -1.   0.   0.1]
[-1.7768917  -1.5122628  -0.05284049  0.45299688],[-1.805 -1.468  0.05   0.431]
[-1.0009255  -0.5919711   0.13263641  0.28604144],[-0.56  -0.123  0.045  0.323]
[-1.1815758  -0.76539063  0.11387454  0.4320992 ],[-0.56  -0.123  0.045  0.323]
[-1.1813337  -0.76141965  0.4080338   1.9912599 ],[-1.292 -0.707  0.644  1.914]
[-1.1870008 -1.029944  -1.4982939  1.4650884],[-1.5 -1.  -1.5  1.5]
[-2.2479296  -2.0235157   0.47522306 -0.66186756],[-2.  -2.   0.5 -0.5]
[-1.933745   -0.28679693 -1.5761588   1.5089552 ],[-2.071 -0.077 -1.788  1.576]
[-1.0985799 -1.7612934 -1.1102357  1.9155961],[-1.142 -1.81  -1.075  1.903]
[-1.5095059  -0.9676015   0.00623743  0.13496147],[-1.5 -1.   0.   0.1]
[-1.518832   -0.9653652   0.00899853  0.13320103],[-1.5 -1.   0.   0.1]
[-1.287362  -0.6927331  0.5831202  1.9141555],[-1.292 -0.707  0.644  1.914]
[-2.107323   -1.0680472  -0.04675171  0.00424092],[-2.1 -1.1  0.   0. ]
[-1.9266253  -1.570653   -0.07961558  0.17164125],[-2.  -1.   1.5 -1.5]
[-2.000989   -1.0494125  -0.04685228  0.02285759],[-1.5 -1.   0.   0.1]
[-2.3945088 -1.320514  -2.165354  -1.666212 ],[-2.428 -1.282 -2.128 -1.679]
[-2.084021   -1.0697947  -0.0470545   0.00923699],[-2.1 -1.1  0.   0. ]
[-0.19933438 -0.5396447  -1.0232999  -1.1362991 ],[-0.2 -0.5 -1.  -1.1]
[-1.8458828  -1.5429847  -0.05856676  0.3084316 ],[-2.  -1.5  0.   0.1]
[-0.16015494 -0.5198962  -0.97600085 -1.0604231 ],[-0.2 -0.5 -1.  -1.1]
[-2.3845215 -1.3350651 -2.1575496 -1.6608102],[-2.428 -1.282 -2.128 -1.679]
[-1.997277   -0.19637546 -1.5834694   1.535299  ],[-2.071 -0.077 -1.788  1.576]
[-2.237207   -2.0451615   0.47362095 -0.6788162 ],[-2.  -2.   0.5 -0.5]
[-1.5655453  -0.77452797 -1.4820414   1.4738753 ],[-1.5 -1.  -1.5  1.5]
[-1.4776794  -0.73789394 -0.6076576   1.3917539 ],[-2.  -1.   1.5 -1.5]
[-1.8651923  -1.5473163  -0.06530552  0.28703102],[-2.  -1.5  0.   0.1]
[-2.2509875  -1.3128734   1.5703615  -0.83177304],[-2.  -1.   1.5 -1.5]
[-1.1792588 -1.0315654 -1.4959456  1.4717349],[-1.  -1.  -1.5  1.5]
[-1.5423521  -1.3876078  -0.04291247  0.08386908],[-1.5 -1.3  0.   0. ]
[-1.4781699  -1.3912323   0.11978142 -0.0046108 ],[-1.  -1.   0.5 -0.5]
[-1.5788739  -0.7196468  -0.71116835  1.3677593 ],[-1.564 -0.566 -0.708  1.404]
[-1.7240455  -1.5111911  -0.04257728  0.4853548 ],[-1.805 -1.468  0.05   0.431]
[-1.5452801  -1.3900726  -0.04552905  0.08512179],[-1.5 -1.3  0.   0. ]
[-1.5941265 -0.8712327 -0.7567872  1.2575197],[-1.564 -0.566 -0.708  1.404]
[-1.4212389  -0.10185421  1.4853257   1.2626857 ],[-1.447 -0.102  1.541  1.316]
[-2.0849695  -0.08643675 -1.6015425   1.5791333 ],[-2.071 -0.077 -1.788  1.576]
[-2.2421331  -2.0366073   0.47434682 -0.6720549 ],[-2.  -2.   0.5 -0.5]
[-1.9314313 -0.2900939 -1.5758424  1.5081527],[-2.071 -0.077 -1.788  1.576]
[-1.6887586  -1.5153539  -0.03342332  0.4607949 ],[-1.805 -1.468  0.05   0.431]
[-1.5792053  -1.4060907  -0.05159883  0.06533315],[-1.5 -1.3  0.   0. ]
[-0.58097714 -0.16044971  0.04675363  0.29066482],[-0.56  -0.123  0.045  0.323]
[-1.5843542  -0.7187701  -0.71690416  1.3658204 ],[-1.564 -0.566 -0.708  1.404]
[-1.1661637 -1.071871  -1.1629839  1.5708058],[-1.  -1.  -1.5  1.5]
[-1.7474787 -0.9548393  1.1863503 -1.3696703],[-2.  -1.   1.5 -1.5]
[-1.7515168  -0.53174555 -1.5264668   1.4923472 ],[-2.071 -0.077 -1.788  1.576]
[-1.911761   -1.0365238  -0.04393463  0.04753236],[-1.5 -1.   0.   0.1]
[-2.1236401e+00 -1.0697069e+00 -4.6802014e-02  4.5222975e-04],[-2.1 -1.1  0.   0. ]
[-0.29660404 -0.59831864 -1.1337091  -1.0884285 ],[-0.2 -0.5 -1.  -1.1]
[-1.4258864  -0.09820354  1.4948063   1.2721243 ],[-1.447 -0.102  1.541  1.316]
[-1.3658206 -0.6849444  0.6193374  1.81753  ],[-1.292 -0.707  0.644  1.914]
[-1.7212234  -1.0099261  -0.03345679  0.11080761],[-1.5 -1.   0.   0.1]
[-2.0047903  -1.6489785   0.5951513   0.87838435],[-2.428 -1.282 -2.128 -1.679]
[-1.9008851  -1.5650061  -0.07529537  0.22324753],[-2.  -1.5  0.   0.1]
[-0.5611354  -0.11825335  0.04770986  0.3160648 ],[-0.56  -0.123  0.045  0.323]
[-0.9108917 -1.0431219  0.4474973 -0.5332404],[-1.  -1.   0.5 -0.5]
[-0.88824195 -0.4800976   0.10869147  0.28276077],[-0.56  -0.123  0.045  0.323]
[-1.997339  -1.8958936  0.8962136  1.0386056],[-2.  -1.8  1.   1.1]
[-2.0834923  -1.0639777  -0.04682775  0.00837702],[-2.1 -1.1  0.   0. ]
[-2.014411  -1.8702893  0.931153   1.0250579],[-2.  -1.8  1.   1.1]
[-1.5393543  -0.00907475  1.7262636   1.5025668 ],[-1.447 -0.102  1.541  1.316]
[-1.9040165 -0.329159  -1.5720963  1.4986441],[-1.5 -1.  -1.5  1.5]
[-1.1382424 -1.1887789 -1.2475824  1.6309459],[-1.  -1.  -1.5  1.5]
[-1.0612386 -1.1483955 -1.3427634  1.739897 ],[-1.  -1.  -1.5  1.5]
[-1.303437  -1.0178618 -1.5381457  1.4544601],[-1.5 -1.  -1.5  1.5]
[-1.9131068  -1.5487227  -0.07888658  0.15461972],[-2.  -1.5  0.   0.1]
[-1.9550908  -0.25637972 -1.579076    1.5163589 ],[-1.5 -1.  -1.5  1.5]
[-1.6101859  -0.9312854  -0.78479844  1.1686018 ],[-1.564 -0.566 -0.708  1.404]
[-1.6092038 -0.7138878 -0.7434828  1.3578439],[-1.564 -0.566 -0.708  1.404]
[-2.2413445  -2.0363076   0.4740801  -0.67184377],[-2.  -2.   0.5 -0.5]
[-1.823326   -1.5288045  -0.05649824  0.3667346 ],[-2.  -1.5  0.   0.1]
[-1.4978588  -0.04166931  1.6416194   1.4182934 ],[-1.447 -0.102  1.541  1.316]
[-2.1542406  -0.00491196 -1.6206377   1.6134324 ],[-2.071 -0.077 -1.788  1.576]
[-2.0230277 -1.828129   0.9164426  1.0091007],[-2.  -1.8  1.   1.1]
[-1.7112432  -1.5362756  -0.04097931  0.4462407 ],[-1.805 -1.468  0.05   0.431]
[-1.1219714 -1.984942  -1.1192939  1.9749186],[-1.142 -1.81  -1.075  1.903]
[-1.6960871  -0.60454094 -1.5128157   1.4878194 ],[-1.5 -1.  -1.5  1.5]
[-1.901714   -1.5689614  -0.07368071  0.20003398],[-2.  -1.5  0.   0.1]
[-1.1832403 -0.9947033 -1.4576206  1.5037063],[-1.  -1.  -1.5  1.5]
[-2.531446  -1.3154857 -2.3974943 -1.6559343],[-2.428 -1.282 -2.128 -1.679]
[-1.9325762 -0.2884626 -1.575999   1.5085497],[-2.071 -0.077 -1.788  1.576]
[-2.2327967 -1.0178659  1.6663804 -1.5288825],[-2.  -1.   1.5 -1.5]
[-1.2879597  -0.69471043  0.577629    1.9104931 ],[-1.292 -0.707  0.644  1.914]
[-1.2533557 -0.7159374  0.523747   1.9372814],[-1.292 -0.707  0.644  1.914]
[-1.0326633  -1.0161707   0.29496324 -0.42786834],[-1.  -1.   0.5 -0.5]
[-1.5426013  -0.00652409  1.7328875   1.5091614 ],[-1.447 -0.102  1.541  1.316]
[-1.881252   -1.9665649   0.4696327  -0.46533132],[-2.  -2.   0.5 -0.5]
[-2.3786252 -1.3509588 -2.1510677 -1.6604669],[-2.428 -1.282 -2.128 -1.679]
[-1.573701  -0.7204744 -0.7057539  1.3695896],[-1.564 -0.566 -0.708  1.404]
[-1.8273981 -0.9701842  1.3061783 -1.4491539],[-2.  -1.   1.5 -1.5]
[-2.377717  -1.3501956 -2.150856  -1.6591842],[-2.428 -1.282 -2.128 -1.679]
[-2.0248802 -1.8971705  0.9793668  0.8946281],[-2.  -1.8  1.   1.1]
[-1.6819834  -1.0029892  -0.02941535  0.11583387],[-1.5 -1.   0.   0.1]
[-1.7124717  -1.3800566  -0.20770513  0.24456805],[-2.  -1.   1.5 -1.5]
[-1.8330057  -1.533467   -0.05606048  0.34676218],[-1.805 -1.468  0.05   0.431]
[-1.9980867 -1.8958781  0.8956788  1.0394295],[-2.  -1.8  1.   1.1]
[-2.058039   -1.0502408  -0.04449016  0.01164889],[-2.1 -1.1  0.   0. ]
[-1.1646597 -1.0824479 -1.1493651  1.566113 ],[-1.  -1.  -1.5  1.5]
[-1.1694481 -1.0337498 -1.4930756  1.4803698],[-1.  -1.  -1.5  1.5]
[-1.1020964 -1.775135  -1.100795   1.9199904],[-1.142 -1.81  -1.075  1.903]
[-1.6015302 -0.7657457 -0.7363122  1.3160095],[-1.564 -0.566 -0.708  1.404]
[-1.1721035  -0.7743406   0.37377322  1.9884961 ],[-1.292 -0.707  0.644  1.914]
[-0.94358015 -1.0659828   0.37170756 -0.49311534],[-1.  -1.   0.5 -0.5]
[-1.6094357 -0.7138094 -0.7437516  1.3577989],[-1.564 -0.566 -0.708  1.404]
[-1.568536   -0.9782317  -0.00888275  0.1201001 ],[-1.5 -1.   0.   0.1]
[-2.278455  -1.0978591  1.5837926 -1.1764219],[-2.  -1.   1.5 -1.5]
[-1.9797068  -0.22133392 -1.5820516   1.5261157 ],[-2.071 -0.077 -1.788  1.576]
[-1.128341  -1.8691003 -1.0549687  1.9310472],[-1.142 -1.81  -1.075  1.903]
[-1.1051438 -1.780586  -1.0921655  1.9173334],[-1.142 -1.81  -1.075  1.903]
[-0.95152813 -1.0479947   0.42597824 -0.5441359 ],[-1.  -1.   0.5 -0.5]
[-1.5791888  -1.404369   -0.04754053  0.07092147],[-1.5 -1.3  0.   0. ]
[-1.5546334 -0.7879697 -1.480195   1.470976 ],[-1.5 -1.  -1.5  1.5]
[-1.5621039  -1.0435753   0.6907461  -0.99150616],[-0.2 -0.5 -1.  -1.1]
[-1.6133933 -0.7177747 -0.7462012  1.3466285],[-1.564 -0.566 -0.708  1.404]
[-1.6572199  -0.998407   -0.02648887  0.11605775],[-1.5 -1.   0.   0.1]
[-2.0009556  -1.8832419   0.89755094  1.039598  ],[-2.  -1.8  1.   1.1]
[-1.546262  -0.0036487  1.7403547  1.5165956],[-1.447 -0.102  1.541  1.316]
[-1.5267437  -0.01898026  1.7005401   1.476956  ],[-1.447 -0.102  1.541  1.316]
[-0.19373351 -0.5345255  -1.0130655  -1.1219413 ],[-0.2 -0.5 -1.  -1.1]
[-2.16575    -1.0705249  -0.04313579 -0.00915241],[-2.1 -1.1  0.   0. ]
[-2.2317886 -1.0262325  1.6680214 -1.5449642],[-2.  -1.   1.5 -1.5]
[-0.19834769 -0.5387662  -1.0318644  -1.1454756 ],[-0.2 -0.5 -1.  -1.1]
[-0.9021494 -1.0488503  0.447726  -0.5268055],[-1.  -1.   0.5 -0.5]
[-2.084517   -1.4510027   0.27737486  0.57991534],[-2.  -1.8  1.   1.1]
[-2.4021225 -1.310127  -2.1726522 -1.668305 ],[-2.428 -1.282 -2.128 -1.679]
[-2.004467   -1.8604887   0.91033036  1.0230368 ],[-2.  -1.8  1.   1.1]
[-1.7311914  -1.506659   -0.04272272  0.49052855],[-1.805 -1.468  0.05   0.431]
[-1.8890867  -1.5215945  -0.0802408   0.15653111],[-2.  -1.5  0.   0.1]
[-0.9825278  -1.0355893   0.33817178 -0.49514553],[-1.  -1.   0.5 -0.5]
[-2.249165  -1.1052854  1.642777  -1.65656  ],[-2.  -1.   1.5 -1.5]
[-0.19053793 -0.531813   -1.0319841  -1.1417094 ],[-0.2 -0.5 -1.  -1.1]
[-1.3612231  -0.99485075 -1.5350809   1.4475131 ],[-1.  -1.  -1.5  1.5]
[-0.5844032  -0.16773579  0.04658852  0.28627896],[-0.56  -0.123  0.045  0.323]
[-0.58381295 -0.16648048  0.04661696  0.2870346 ],[-0.56  -0.123  0.045  0.323]
[-1.1018386 -1.7765756 -1.1016557  1.9220942],[-1.142 -1.81  -1.075  1.903]
[-1.2156107 -1.0268512 -1.5083457  1.458291 ],[-1.  -1.  -1.5  1.5]
[-1.5412756  -1.4103129   0.02148427  0.07771889],[-1.805 -1.468  0.05   0.431]
[-0.20425558 -0.5440982  -1.04306    -1.1610696 ],[-0.2 -0.5 -1.  -1.1]
[-0.21817636 -0.55992496 -1.034085   -1.1505629 ],[-0.2 -0.5 -1.  -1.1]
[-1.6116058  -0.9868197  -0.01638819  0.1172295 ],[-1.5 -1.   0.   0.1]
[-2.0066743  -0.18302685 -1.5842279   1.5402105 ],[-2.071 -0.077 -1.788  1.576]
[-0.19515991 -0.5360061  -1.0232147  -1.1341211 ],[-0.2 -0.5 -1.  -1.1]
[-1.1058547 -1.7785804 -1.0899268  1.913475 ],[-1.142 -1.81  -1.075  1.903]
[-1.5150126  -1.1727563  -0.23220615  0.16737378],[-1.  -1.  -1.5  1.5]
[-2.3725789 -1.356031  -2.1472893 -1.6557496],[-2.428 -1.282 -2.128 -1.679]
[-2.2767792  -2.0197983   0.40984356 -0.69827   ],[-2.  -2.   0.5 -0.5]
[-0.9879908  -1.0405838   0.34960395 -0.45580348],[-1.  -1.   0.5 -0.5]
[-2.1757898  -1.7241275   1.4030523  -0.03830288],[-2.  -1.   1.5 -1.5]
[-1.6285682  -1.3862573  -0.05268107  0.07625494],[-1.5 -1.3  0.   0. ]
[-1.4224212  -0.10092545  1.4877375   1.2650868 ],[-1.447 -0.102  1.541  1.316]
[-2.0977821  -0.07154244 -1.6050619   1.585378  ],[-2.071 -0.077 -1.788  1.576]
[-1.4473486  -0.08134496  1.5385859   1.3157122 ],[-1.447 -0.102  1.541  1.316]
[-2.1528354  -1.0660307  -0.04371332 -0.0069093 ],[-2.1 -1.1  0.   0. ]
[-1.7127407  -1.5395705  -0.02805485  0.3978918 ],[-1.805 -1.468  0.05   0.431]
[-2.0231483  -1.8221555   0.89100564  0.9953005 ],[-2.  -1.8  1.   1.1]
[-1.8157382  -1.52515    -0.05684154  0.3823904 ],[-2.  -1.5  0.   0.1]
[-1.0806638 -1.1659281 -1.3694835  1.7481524],[-1.142 -1.81  -1.075  1.903]
[-2.1346064e+00 -1.0759745e+00 -4.7212809e-02  5.8595277e-04],[-2.1 -1.1  0.   0. ]
[-2.3963249 -1.299059  -2.1839485 -1.6404954],[-2.428 -1.282 -2.128 -1.679]
[-1.1144924 -1.974983  -1.1188635  2.0124369],[-1.142 -1.81  -1.075  1.903]
[-1.5684723  -1.4026995  -0.04977255  0.07208925],[-2.  -1.5  0.   0.1]
[-1.4352579  -1.3542833   0.1339447  -0.06534908],[-2.  -1.   1.5 -1.5]
[-1.520774   -0.02366954  1.6883628   1.464832  ],[-1.447 -0.102  1.541  1.316]
[-1.1373254 -1.2024355 -1.2599797  1.6442162],[-1.  -1.  -1.5  1.5]
[-1.5557556  -1.4281466   0.03663091  0.08141126],[-1.805 -1.468  0.05   0.431]
[-0.58895993 -0.17742637  0.04636892  0.28044575],[-0.56  -0.123  0.045  0.323]
[-1.1240032 -1.8615627 -1.0560637  1.9425919],[-1.142 -1.81  -1.075  1.903]
[-1.6263299  -0.4733166   0.21648009  1.2525103 ],[-1.564 -0.566 -0.708  1.404]
[-0.9180171 -1.0443766  0.4501016 -0.5324928],[-1.  -1.   0.5 -0.5]
[-1.2899867  -0.68825793  0.59505695  1.9160347 ],[-1.292 -0.707  0.644  1.914]
[-1.5687929  -0.7212596  -0.70061696  1.371326  ],[-1.564 -0.566 -0.708  1.404]
[-1.0553594  -0.6530653   0.1170155   0.34098136],[-0.56  -0.123  0.045  0.323]
[-1.298019   -0.67579794  0.6282015   1.9200988 ],[-1.292 -0.707  0.644  1.914]
[-1.128071  -1.8904021 -1.0650715  1.9332902],[-1.142 -1.81  -1.075  1.903]
[-1.686898   -1.5158427  -0.03237762  0.45673802],[-1.805 -1.468  0.05   0.431]
[-2.0024245  -1.8908644   0.90308094  1.0363035 ],[-2.  -1.8  1.   1.1]
[-1.6135874  -0.71288717 -1.4924984   1.4810804 ],[-1.5 -1.  -1.5  1.5]
[-1.4372356  -0.08928883  1.5179564   1.2951734 ],[-1.447 -0.102  1.541  1.316]
[-0.8652127  -1.1078823   0.43707597 -0.45521566],[-1.  -1.   0.5 -0.5]
[-2.2752414  -2.0127323   0.43180132 -0.679824  ],[-2.  -2.   0.5 -0.5]
[-1.2096467 -0.7482965  0.4404902  1.963547 ],[-1.292 -0.707  0.644  1.914]
[-1.4485837 -0.6101648  0.5021744  1.592833 ],[-1.564 -0.566 -0.708  1.404]
[-0.9330039  -1.054711    0.44476843 -0.53041214],[-1.  -1.   0.5 -0.5]
[-1.5301665  -0.92666173  0.06068461  0.08960498],[-1.292 -0.707  0.644  1.914]
[-1.9176505  -1.5277443   0.11390252  1.1132061 ],[-2.  -2.   0.5 -0.5]
[-1.5398777 -0.7242712 -0.6714508  1.3763616],[-1.564 -0.566 -0.708  1.404]
[-1.559576   -1.4412291  -0.22619884  0.59512943],[-1.  -1.  -1.5  1.5]
[-0.20363486 -0.5433917  -1.0331497  -1.1495644 ],[-0.2 -0.5 -1.  -1.1]
[-1.7416668  -1.5360682  -0.02444468  0.30219176],[-1.805 -1.468  0.05   0.431]
[-1.6210884  -1.4243281  -0.05902238  0.159991  ],[-1.142 -1.81  -1.075  1.903]
[-0.94266   -1.0560269  0.4302683 -0.5369583],[-1.  -1.   0.5 -0.5]
[-1.5203459  -0.02400577  1.6874896   1.4639626 ],[-1.447 -0.102  1.541  1.316]
[-2.0035424 -1.8580105  0.9041277  1.031766 ],[-2.  -1.8  1.   1.1]
[-2.0485027  -1.0500976  -0.04533537  0.01247223],[-2.1 -1.1  0.   0. ]
[-0.19735038 -0.5377622  -1.0296395  -1.1424608 ],[-0.2 -0.5 -1.  -1.1]
[-1.5638435  -1.401865   -0.05092756  0.07206299],[-1.5 -1.3  0.   0. ]
[-1.8860409  -1.5573957  -0.07234861  0.25093475],[-2.  -1.5  0.   0.1]
[-1.2112272 -0.745493   0.4479764  1.9648273],[-1.292 -0.707  0.644  1.914]
[-1.8221177  -1.5331552  -0.05572523  0.35663635],[-1.805 -1.468  0.05   0.431]
[-1.5357654  -1.4034095   0.01481913  0.07644177],[-1.805 -1.468  0.05   0.431]
[-1.9977629 -1.5832338  0.1936874  1.2044821],[-2.  -1.8  1.   1.1]
[-0.5698721  -0.13683319  0.04728882  0.3048807 ],[-0.56  -0.123  0.045  0.323]
[-1.123603   -0.724338    0.10763563  0.39573675],[-0.56  -0.123  0.045  0.323]
[-1.5944192  -0.9888617  -0.01984334  0.11868061],[-1.5 -1.   0.   0.1]
[-1.9559307  -0.25518292 -1.5791907   1.5166501 ],[-2.071 -0.077 -1.788  1.576]
[-2.409644  -1.2908183 -2.1987593 -1.6444906],[-2.428 -1.282 -2.128 -1.679]
[-0.197433  -0.537957  -1.0370101 -1.1508284],[-0.2 -0.5 -1.  -1.1]
[-1.1229706 -1.85836   -1.055253   1.9434396],[-1.142 -1.81  -1.075  1.903]
[-1.9121021 -1.5221782  0.0963458  1.1127837],[-2.  -2.   0.5 -0.5]
[-2.0066366  -1.8908684   0.90841234  1.0410045 ],[-2.  -1.8  1.   1.1]
[-0.58987606 -0.17937464  0.04632477  0.279273  ],[-0.56  -0.123  0.045  0.323]
[-1.4905908 -0.0473783  1.6267939  1.4035327],[-1.447 -0.102  1.541  1.316]
[-0.5777892  -0.15367007  0.04690727  0.2947458 ],[-0.56  -0.123  0.045  0.323]
[-2.0500636  -1.0567201  -0.04654987  0.01391687],[-2.1 -1.1  0.   0. ]
[-0.16708976 -0.51047754 -0.9724385  -1.0627512 ],[-0.2 -0.5 -1.  -1.1]
[-1.6670542  -1.492209   -0.02466772  0.19006696],[-1.5 -1.3  0.   0. ]
[-1.8298801  -1.5319617  -0.0562018   0.35321113],[-1.805 -1.468  0.05   0.431]
[-1.5362444  -0.81062174 -1.477084    1.4660902 ],[-1.5 -1.  -1.5  1.5]
[-2.0525498  -0.12412396 -1.592638    1.5633321 ],[-2.071 -0.077 -1.788  1.576]
[-2.1065984  -1.4163427   0.20387633  0.48305088],[-1.5 -1.  -1.5  1.5]
[-1.0135298  -1.03472     0.30407095 -0.44266576],[-1.  -1.   0.5 -0.5]
[-1.7258743  -1.0087028  -0.03260244  0.11063757],[-1.5 -1.   0.   0.1]
[-1.4596065  -0.92093986 -1.5129292   1.4473345 ],[-1.5 -1.  -1.5  1.5]
[-2.0014956 -1.8887806  0.8970199  1.0409508],[-2.  -1.8  1.   1.1]
[-1.5848693   0.02667719  1.8191078   1.5950032 ],[-1.447 -0.102  1.541  1.316]
[-1.5015881  -0.85899556 -1.4886523   1.4574561 ],[-1.5 -1.  -1.5  1.5]
[-2.0941806  -1.0702118  -0.04745074  0.00814543],[-2.1 -1.1  0.   0. ]
[-2.1541908 -1.0792755 -0.047197  -0.0029352],[-2.1 -1.1  0.   0. ]
[-1.5439072e+00 -9.7331029e-01  4.9155951e-04  1.2958434e-01],[-1.5 -1.   0.   0.1]
[-0.65804124 -0.2523401   0.05959328  0.27514866],[-0.56  -0.123  0.045  0.323]
[-1.4892815  -0.04840678  1.6241226   1.4008738 ],[-1.447 -0.102  1.541  1.316]
[-2.0659373  -1.4945767   0.34845018  0.6533609 ],[-2.  -1.8  1.   1.1]
[-2.184525   -1.1188204  -0.03047933  0.00914633],[-2.1 -1.1  0.   0. ]
[-1.9901488  -0.20650136 -1.5828942   1.5315733 ],[-2.071 -0.077 -1.788  1.576]
[-1.6125576  -0.71339476 -0.74694574  1.3545835 ],[-1.564 -0.566 -0.708  1.404]
[-1.7461222  -0.53883016 -1.5251385   1.4919066 ],[-2.071 -0.077 -1.788  1.576]
[-1.6122003  -1.4195302  -0.04650246  0.05665886],[-1.805 -1.468  0.05   0.431]
[-1.5437989  -1.3898747  -0.04597782  0.08556475],[-1.5 -1.3  0.   0. ]
[-1.7377937  -1.5080462  -0.04397784  0.48865056],[-1.805 -1.468  0.05   0.431]
[-2.1726661e+00 -1.2117894e+00 -9.2132390e-04  1.1156190e-01],[-2.1 -1.1  0.   0. ]
[-1.3770669  -0.5828058  -0.08294027  1.5115707 ],[-1.292 -0.707  0.644  1.914]
[-2.3839083 -1.3157852 -2.1622314 -1.6526257],[-2.428 -1.282 -2.128 -1.679]
[-2.2015076  -2.1002433   0.46864563 -0.722667  ],[-2.  -2.   0.5 -0.5]
[-2.1192532e+00 -1.0756001e+00 -4.6059504e-02  1.2124795e-03],[-2.1 -1.1  0.   0. ]
[-1.1071217  -0.81038994  0.27381766  2.0368106 ],[-1.292 -0.707  0.644  1.914]
[-0.9290845  -0.52150834  0.11717222  0.28295463],[-0.56  -0.123  0.045  0.323]
[-1.2425077 -0.7192466  0.5160205  1.9502459],[-1.292 -0.707  0.644  1.914]
[-1.7973837  -1.5168693  -0.05795549  0.42707875],[-1.805 -1.468  0.05   0.431]
[-1.5096995 -0.8470272 -1.4839618  1.4594115],[-1.5 -1.  -1.5  1.5]
[-2.0137863  -1.0477437  -0.04594623  0.01986612],[-1.5 -1.   0.   0.1]
[-1.3220334  -0.667091    0.64909023  1.8932853 ],[-1.292 -0.707  0.644  1.914]
