[-1.1270784  -1.1330092  -0.48148748  1.6405962 ],[-1.142 -1.81  -1.075  1.903]
[-1.1488723  -1.0807886  -0.45852733  1.5782456 ],[-1.142 -1.81  -1.075  1.903]
[-1.5792241 -0.4854702 -1.5388974  1.354187 ],[-1.5 -1.  -1.5  1.5]
[-1.4474163 -0.5217016 -0.6093186  1.3136433],[-1.564 -0.566 -0.708  1.404]
[-0.15643337 -0.5025804  -0.9015254  -0.9596179 ],[-0.2 -0.5 -1.  -1.1]
[-1.1909999  -0.34079847 -0.5870388   0.8022552 ],[-0.56  -0.123  0.045  0.323]
[-1.2586462  -0.88148296 -0.14919661  0.50273895],[-2.  -1.   1.5 -1.5]
[-2.4068258 -1.2621399 -2.0002253 -1.5061038],[-2.428 -1.282 -2.128 -1.679]
[-1.2875032  -1.0145249  -0.17109141  0.7853503 ],[-1.5 -1.3  0.   0. ]
[-1.279996   -0.88409114 -0.16729705  0.53802407],[-2.  -1.   1.5 -1.5]
[-1.1853554  -0.93087196  0.19958201  0.01844053],[-1.  -1.   0.5 -0.5]
[-1.5188966  -0.28087652  1.1302933   1.3045093 ],[-1.447 -0.102  1.541  1.316]
[-1.6109258 -0.4948947 -1.521464   1.413084 ],[-2.071 -0.077 -1.788  1.576]
[-1.3691589  -1.0555962   0.06791692  0.30128273],[-1.5 -1.3  0.   0. ]
[-1.3102305 -0.5629293  0.6511638  1.6408145],[-1.292 -0.707  0.644  1.914]
[-1.5778736  -1.063584   -0.24231812  0.36268368],[-2.  -1.8  1.   1.1]
[-1.6812311  -0.93541944  0.7054918  -0.6163723 ],[-2.  -1.   1.5 -1.5]
[-1.3138056  -1.0393399  -0.06579285  0.46310982],[-1.5 -1.3  0.   0. ]
[-0.18752289 -0.49780166 -0.9466909  -0.97156304],[-0.2 -0.5 -1.  -1.1]
[-1.3325424  -1.046538   -0.04677022  0.4008641 ],[-1.5 -1.3  0.   0. ]
[-2.3378747 -1.312897  -1.9102963 -1.5257626],[-2.428 -1.282 -2.128 -1.679]
[-1.3438007  -0.9116597  -0.07930898  0.6900231 ],[-1.  -1.  -1.5  1.5]
[-1.4753919  -1.0775032  -0.02464073  0.5770426 ],[-1.  -1.  -1.5  1.5]
[-1.830647    0.09486666 -1.4395204   1.3446659 ],[-0.56  -0.123  0.045  0.323]
[-1.6468486  -0.15023467 -1.3030094   1.2575681 ],[-1.5 -1.  -1.5  1.5]
[-1.9210873  -0.22592896 -1.7982202   1.4921825 ],[-2.071 -0.077 -1.788  1.576]
[-1.5733085  -0.48031908 -1.664662    1.3854289 ],[-1.5 -1.  -1.5  1.5]
[-0.19817072 -0.496844   -0.87147605 -0.9353814 ],[-0.2 -0.5 -1.  -1.1]
[-1.3298341  -1.0501872  -0.02265785  0.40990558],[-1.5 -1.3  0.   0. ]
[-1.755353   -0.00932926 -1.431681    1.3324358 ],[-1.5 -1.   0.   0.1]
[-1.4328796  -0.70481086  1.135121    2.1357126 ],[-1.292 -0.707  0.644  1.914]
[-1.1075294 -0.6849654 -1.1388966  1.3539562],[-1.  -1.  -1.5  1.5]
[-2.073854   -1.8351086   0.57703936  0.1349371 ],[-2.  -2.   0.5 -0.5]
[-1.4696971 -0.574192   0.4291303  1.0316788],[-2.  -1.   1.5 -1.5]
[-1.7058184  -1.297257    0.24049658 -0.08440237],[-2.  -2.   0.5 -0.5]
[-2.2022648 -1.9132448  1.3901869  1.7765214],[-2.  -1.8  1.   1.1]
[-1.137514  -1.0928674 -0.5233627  1.6413022],[-1.142 -1.81  -1.075  1.903]
[-1.3810213  -1.1195657   0.05840522  0.8024662 ],[-2.  -1.5  0.   0.1]
[-1.6695982  -0.9393499  -0.1404432   0.25343093],[-2.071 -0.077 -1.788  1.576]
[-1.1245154  -1.0432209  -0.45708033  1.4226145 ],[-1.142 -1.81  -1.075  1.903]
[-1.631361   -1.0553632  -0.3503975   0.34669042],[-2.1 -1.1  0.   0. ]
[-1.4494603  -0.5289639  -0.65462697  1.3233464 ],[-1.564 -0.566 -0.708  1.404]
[-2.0984547 -1.724696   1.2816228  1.594128 ],[-2.  -1.8  1.   1.1]
[-1.7065927  -1.0763707  -0.06218848  0.31473494],[-1.5 -1.   0.   0.1]
[-1.0369592 -0.740903  -1.3405232  1.4532261],[-1.  -1.  -1.5  1.5]
[-1.4242946  -0.59236985  0.9227654   1.6526747 ],[-1.447 -0.102  1.541  1.316]
[-1.5736845  -0.28405708  1.2424875   1.3163545 ],[-1.447 -0.102  1.541  1.316]
[-1.8683536  -1.5481946   0.3675575  -0.14215256],[-2.  -2.   0.5 -0.5]
[-1.1307149  -1.1113205  -0.51646256  1.661374  ],[-1.142 -1.81  -1.075  1.903]
[-1.378491   -1.0593405   0.09446017  0.29320067],[-1.5 -1.3  0.   0. ]
[-1.814425    0.13510963 -1.6166834   1.376482  ],[-2.071 -0.077 -1.788  1.576]
[-1.7137377  -0.97899127 -0.12833148  0.23283409],[-2.  -1.8  1.   1.1]
[-1.29521    -0.97489285  0.05264027  0.19516401],[-2.  -1.5  0.   0.1]
[-1.5008687  -0.92210853 -0.25275216  0.37548766],[-0.56  -0.123  0.045  0.323]
[-1.7708018  -0.28881997  1.5613433   1.6406469 ],[-1.447 -0.102  1.541  1.316]
[-1.6382717  -1.0380845  -0.25742623  0.33161095],[-2.  -2.   0.5 -0.5]
[-1.8643382  -1.4442724   0.34320843  0.1858903 ],[-2.  -2.   0.5 -0.5]
[-1.6578171  -0.94072425 -0.3692128   0.48788437],[-1.5 -1.   0.   0.1]
[-1.3095953  -1.047995   -0.07199972  0.48660478],[-1.5 -1.3  0.   0. ]
[-1.2249429  -0.8846364  -0.05795097  0.33969638],[-2.  -1.   1.5 -1.5]
[-1.3719923  -1.0694834   0.06131693  0.44839498],[-1.805 -1.468  0.05   0.431]
[-1.4373062  -0.96081674 -0.26609415  0.42735007],[-0.56  -0.123  0.045  0.323]
[-1.607048   -0.35462496  1.2094547   1.3358566 ],[-1.447 -0.102  1.541  1.316]
[-1.2885486  -0.89310145 -0.17909144  0.5461105 ],[-1.5 -1.3  0.   0. ]
[-1.2307463  -0.9253787  -0.02195308  0.24417402],[-1.  -1.   0.5 -0.5]
[-1.1622798  -0.99248576 -0.34949747  1.3190398 ],[-1.292 -0.707  0.644  1.914]
[-1.6076405  -0.46580178 -1.5139529   1.3908308 ],[-2.071 -0.077 -1.788  1.576]
[-1.9380167 -1.2336798 -0.6488607 -0.5820598],[-2.428 -1.282 -2.128 -1.679]
[-1.7025518  -0.95364594 -0.01821394  0.22957668],[-1.5 -1.   0.   0.1]
[-2.361068  -1.3385892 -2.2002032 -1.859664 ],[-2.428 -1.282 -2.128 -1.679]
[-0.15582237 -0.51794946 -0.97428536 -0.9921866 ],[-0.2 -0.5 -1.  -1.1]
[-1.763989   -0.9539887   0.8267716  -0.70955247],[-2.  -1.   1.5 -1.5]
[-1.7138419  -0.97600186 -0.10898986  0.22206382],[-1.5 -1.  -1.5  1.5]
[-1.3323786  -0.9891521   0.0301329   0.37583742],[-1.5 -1.3  0.   0. ]
[-1.9785188 -1.6620467  1.1146659  1.4024789],[-2.  -1.8  1.   1.1]
[-1.3718445  -1.0415078   0.09480345  0.3059728 ],[-2.  -1.   1.5 -1.5]
[-1.6290812  -0.9280509  -0.1701881   0.28132707],[-2.071 -0.077 -1.788  1.576]
[-1.3301902  -1.0168917   0.14347589  0.77922165],[-1.805 -1.468  0.05   0.431]
[-1.6641089  -0.9101287  -0.10849459  0.24619316],[-0.56  -0.123  0.045  0.323]
[-1.4633226  -0.49881047  0.5896595   1.0499619 ],[-2.  -1.   1.5 -1.5]
[-1.27022   -0.8945074 -0.1652793  0.5158615],[-1.5 -1.3  0.   0. ]
[-1.3267126  -0.30352342 -0.6280413   1.0412395 ],[-0.56  -0.123  0.045  0.323]
[-1.3953254  -0.9392607  -0.02282325  0.95484674],[-1.  -1.  -1.5  1.5]
[-0.15307635 -0.5049677  -0.9969814  -1.0092252 ],[-0.2 -0.5 -1.  -1.1]
[-1.4059807 -0.6799017  1.0287529  1.9244463],[-1.292 -0.707  0.644  1.914]
[-1.0985126 -1.0599127 -0.4343752  1.3661665],[-1.564 -0.566 -0.708  1.404]
[-0.20416144 -0.49439916 -0.8687287  -0.9189446 ],[-0.2 -0.5 -1.  -1.1]
[-1.7090374  -0.36120528  1.4984387   1.4940934 ],[-1.447 -0.102  1.541  1.316]
[-0.94555366 -0.26133204 -0.7350465   0.7037938 ],[-0.56  -0.123  0.045  0.323]
[-1.40042    -0.94291425 -0.01912247  0.96510255],[-1.  -1.  -1.5  1.5]
[-1.7884765  -1.402577    0.28072774 -0.11946853],[-2.  -2.   0.5 -0.5]
[-1.1209507  -1.1330146  -0.49463138  1.6356034 ],[-1.142 -1.81  -1.075  1.903]
[-1.5493255  -0.48323068 -1.6828922   1.4267251 ],[-2.071 -0.077 -1.788  1.576]
[-1.645556   -1.0198652  -0.24927017  0.35300925],[-2.  -2.   0.5 -0.5]
[-1.3225948  -0.57394636  0.7520172   1.5611466 ],[-1.564 -0.566 -0.708  1.404]
[-1.3590062  -0.7511826   0.28340295  1.1955132 ],[-1.  -1.  -1.5  1.5]
[-1.1136875  -0.8982061   0.24441448 -0.10292734],[-1.  -1.   0.5 -0.5]
[-1.9577789  -1.7295434   0.4715943  -0.17145582],[-2.  -2.   0.5 -0.5]
[-1.3245959  -0.5417032  -0.93209296  1.4337227 ],[-1.  -1.  -1.5  1.5]
[-1.3657749 -0.674608   0.926332   1.8447623],[-1.292 -0.707  0.644  1.914]
[-1.3587261e+00 -1.0794322e+00 -1.2743548e-03  9.0027040e-01],[-2.  -1.5  0.   0.1]
[-1.7304716  -0.9567851   0.79257977 -0.681673  ],[-2.  -1.   1.5 -1.5]
[-1.2652595  -1.0210541  -0.09519266  0.38813734],[-2.  -1.5  0.   0.1]
[-1.5458295  -0.86404264 -0.50240195  0.5192349 ],[-1.5 -1.  -1.5  1.5]
[-1.1454432 -1.0716941 -0.4554325  1.5435438],[-1.142 -1.81  -1.075  1.903]
[-1.4303205  -0.30721024 -0.6853009   1.0229645 ],[-0.56  -0.123  0.045  0.323]
[-1.5108492 -0.5715506 -0.9666445  1.3125079],[-2.1 -1.1  0.   0. ]
[-1.585089   -0.47161633 -1.6352262   1.3979461 ],[-1.5 -1.  -1.5  1.5]
[-1.8670683  -1.5206454   0.34434408 -0.06431533],[-2.  -2.   0.5 -0.5]
[-1.65923    -1.0455673  -0.1679737   0.35885313],[-1.5 -1.   0.   0.1]
[-1.27326    -1.0199295  -0.13641603  0.63998586],[-1.5 -1.3  0.   0. ]
[-1.1527716  -1.0939603  -0.44730935  1.5948224 ],[-1.142 -1.81  -1.075  1.903]
[-1.2608473  -0.9186455  -0.08786822  0.43199393],[-1.805 -1.468  0.05   0.431]
[-1.4115359  -1.0710921   0.06444579  0.3274658 ],[-1.  -1.   0.5 -0.5]
[-1.5828689  -1.0142529  -0.23007652  0.3792387 ],[-2.  -1.8  1.   1.1]
[-1.4597726  -0.5028893  -0.66194606  1.3654616 ],[-1.564 -0.566 -0.708  1.404]
[-2.094587  -1.7031019  1.2676859  1.6645381],[-2.  -1.8  1.   1.1]
[-1.7647848  -1.098314   -0.20873064  0.02930913],[-2.428 -1.282 -2.128 -1.679]
[-1.7185929  -0.38443702 -1.7049226   1.5152525 ],[-2.071 -0.077 -1.788  1.576]
[-1.4543912  -0.56232786 -1.4949635   1.4138972 ],[-1.5 -1.  -1.5  1.5]
[-1.641406   -0.9840219  -0.35536048  0.355267  ],[-2.  -1.8  1.   1.1]
[-1.4559827 -0.5230047 -0.6449752  1.3194073],[-1.564 -0.566 -0.708  1.404]
[-1.2994311  -0.89142406 -0.18449795  0.5831203 ],[-2.  -1.5  0.   0.1]
[-1.4154308 -0.6902105  1.0478758  1.9902768],[-1.292 -0.707  0.644  1.914]
[-1.2970372  -0.94633806 -0.0497437   0.46063718],[-1.142 -1.81  -1.075  1.903]
[-1.73584    -0.94837713  0.7903886  -0.68114406],[-2.  -1.   1.5 -1.5]
[-1.5900996  -0.88857937 -0.33828306  0.44972205],[-2.071 -0.077 -1.788  1.576]
[-1.1138285  -1.1545064  -0.50487906  1.6508695 ],[-1.142 -1.81  -1.075  1.903]
[-1.3967069 -0.6824477  0.9812566  1.8821781],[-1.292 -0.707  0.644  1.914]
[-1.3119633  -0.9932097   0.0861126   0.08670391],[-2.  -1.5  0.   0.1]
[-1.2181325  -0.88785195 -0.08531201  0.37899867],[-1.  -1.   0.5 -0.5]
[-1.9759145  0.348541  -1.7174858  1.5143576],[-2.071 -0.077 -1.788  1.576]
[-1.4460759  -0.5622436  -0.83820933  1.3410645 ],[-1.564 -0.566 -0.708  1.404]
[-1.7674662   0.07260427 -1.5314633   1.3304665 ],[-2.071 -0.077 -1.788  1.576]
[-1.3144184 -1.0461134 -0.087077   0.6939435],[-1.5 -1.3  0.   0. ]
[-1.8443851  -1.2525346   0.41863164  0.89178157],[-2.  -1.8  1.   1.1]
[-1.7016388  -0.07561466 -1.1849934   1.2580805 ],[-2.1 -1.1  0.   0. ]
[-0.17857292 -0.49972904 -0.8745265  -0.9348736 ],[-0.2 -0.5 -1.  -1.1]
[-1.3279824  -0.28833395 -0.633927    1.0319024 ],[-0.56  -0.123  0.045  0.323]
[-1.7258976  -1.2147324   0.20655301 -0.0303426 ],[-2.  -2.   0.5 -0.5]
[-1.3991723 -0.5595062 -1.4825625  1.3966515],[-1.5 -1.  -1.5  1.5]
[-1.5329783 -0.5430357 -1.0377802  1.309556 ],[-2.1 -1.1  0.   0. ]
[-1.7759405   0.03188893 -1.4603196   1.2990485 ],[-2.071 -0.077 -1.788  1.576]
[-1.3511581  -1.0894765  -0.01690637  0.9212296 ],[-1.805 -1.468  0.05   0.431]
[-1.3490996  -0.9948597   0.05317756  0.15571852],[-1.  -1.   0.5 -0.5]
[-1.6314989 -0.2207877 -1.2512459  1.2634343],[-1.5 -1.   0.   0.1]
[-0.21728545 -0.54451585 -0.8785126  -0.9244589 ],[-0.2 -0.5 -1.  -1.1]
[-1.5981472  -0.98699236 -0.2399975   0.33372062],[-1.5 -1.   0.   0.1]
[-1.6753206  -1.038266   -0.21213245  0.3667496 ],[-2.1 -1.1  0.   0. ]
[-1.5147163  -0.55246454 -1.0075182   1.3129299 ],[-2.1 -1.1  0.   0. ]
[-1.0610887  -0.8894154  -0.03257443 -0.1697494 ],[-1.  -1.   0.5 -0.5]
[-1.9789829 -1.6650094  1.082054   1.3727936],[-2.  -1.8  1.   1.1]
[-1.5922096  -0.24164897  1.1861253   1.319364  ],[-1.447 -0.102  1.541  1.316]
[-1.6074959  -1.09854    -0.26528433  0.31405294],[-1.5 -1.   0.   0.1]
[-1.6405178  -0.34716812  1.167247    1.3235182 ],[-1.447 -0.102  1.541  1.316]
[-1.1297356  -1.1327529  -0.47485703  1.6446781 ],[-1.142 -1.81  -1.075  1.903]
[-2.3316386 -1.3082364 -2.0717528 -1.7118833],[-2.428 -1.282 -2.128 -1.679]
[-1.466707   -0.52655184 -0.8979343   1.4953865 ],[-1.  -1.  -1.5  1.5]
[-2.4172633 -1.2883227 -2.052342  -1.5649304],[-2.428 -1.282 -2.128 -1.679]
[-1.6493676  -1.012521   -0.18416184  0.26880962],[-1.5 -1.   0.   0.1]
[-1.6584097 -0.3449244  1.2398033  1.378422 ],[-1.447 -0.102  1.541  1.316]
[-1.8776016  0.2845901 -1.7029687  1.3884655],[-1.5 -1.  -1.5  1.5]
[-1.7896566  -1.3412844   0.25246486 -0.0285082 ],[-2.  -2.   0.5 -0.5]
[-1.5559585 -0.5206187 -1.5265937  1.4137719],[-2.071 -0.077 -1.788  1.576]
[-1.7069396   0.07366696 -1.3462282   1.2362232 ],[-0.56  -0.123  0.045  0.323]
[-1.4632504  -0.513236   -0.63141334  1.3630459 ],[-1.564 -0.566 -0.708  1.404]
[-1.3366153  -1.0112218   0.08701747  0.17667176],[-2.  -1.5  0.   0.1]
[-0.15657249 -0.5145701  -0.9800678  -0.99567705],[-0.2 -0.5 -1.  -1.1]
[-1.2946148  -0.89425683 -0.18123816  0.56101996],[-1.805 -1.468  0.05   0.431]
[-1.6999342  -1.2505883   0.22274128 -0.08196272],[-2.  -2.   0.5 -0.5]
[-2.3402603 -1.2926143 -2.0218992 -1.6612495],[-2.428 -1.282 -2.128 -1.679]
[-1.3068006  -0.994725    0.11639712  0.10682662],[-1.  -1.   0.5 -0.5]
[-1.794785    0.09074894 -1.4885603   1.3414218 ],[-1.5 -1.   0.   0.1]
[-1.3867997  -0.7252233   0.37944928  1.0922751 ],[-1.564 -0.566 -0.708  1.404]
[-1.6403265  -0.9574772  -0.31879118  0.34676015],[-1.5 -1.  -1.5  1.5]
[-1.7035139  -0.9990468  -0.13777363  0.2366689 ],[-2.1 -1.1  0.   0. ]
[-1.3775337  -1.059704    0.08740474  0.3205682 ],[-1.5 -1.3  0.   0. ]
[-1.7098389 -0.3912542 -1.6905192  1.5260335],[-2.071 -0.077 -1.788  1.576]
[-1.7679002e+00  1.7600358e-03 -1.3245677e+00  1.2663786e+00],[-0.56  -0.123  0.045  0.323]
[-1.6654544 -0.3447514  1.2246984  1.3713822],[-1.447 -0.102  1.541  1.316]
[-1.6950574  -0.39842495  1.4797286   1.683661  ],[-1.447 -0.102  1.541  1.316]
[-1.3774475 -0.6408938  1.0038028  1.9387529],[-1.292 -0.707  0.644  1.914]
[-1.4259548 -0.6635933  1.017223   1.818601 ],[-1.447 -0.102  1.541  1.316]
[-1.2264417  -0.9575938   0.16496515  0.10997508],[-1.  -1.   0.5 -0.5]
[-1.2789762  -1.0217925  -0.12958163  0.7039831 ],[-1.5 -1.3  0.   0. ]
[-1.7230332  -1.2157861   0.16872293 -0.02606027],[-2.  -2.   0.5 -0.5]
[-1.6989248  -1.0016756  -0.14465585  0.24115352],[-1.5 -1.   0.   0.1]
[-1.3898709  -0.56896496 -1.5297359   1.3889724 ],[-1.5 -1.  -1.5  1.5]
[-2.2844973 -1.2975153 -2.1336234 -1.8147514],[-2.428 -1.282 -2.128 -1.679]
[-1.5280024 -0.5006558 -1.6511886  1.4743307],[-2.071 -0.077 -1.788  1.576]
[-1.6675236 -1.0315739 -0.2010844  0.3460188],[-2.  -2.   0.5 -0.5]
[-1.3144177  -1.0028027   0.0999945   0.07048385],[-2.  -1.5  0.   0.1]
[-1.5733991  -1.0738574  -0.25435302  0.35735917],[-2.  -1.8  1.   1.1]
[-1.94873    -1.7486179   0.4904172   0.16341947],[-2.  -2.   0.5 -0.5]
[-1.4070451 -0.6755657  1.0276576  1.9436709],[-1.292 -0.707  0.644  1.914]
[-1.7664111  -1.3982751   0.2745901  -0.08979331],[-2.  -2.   0.5 -0.5]
[-1.0607787  -0.29784855 -0.6612887   0.8332791 ],[-0.56  -0.123  0.045  0.323]
[-1.2943509  -0.9735081   0.05436959  0.18733376],[-2.  -1.5  0.   0.1]
[-1.9126385  -0.23183942 -1.7818412   1.4659163 ],[-2.071 -0.077 -1.788  1.576]
[-1.483226   -0.97075784 -0.2980554   0.42531362],[-0.56  -0.123  0.045  0.323]
[-1.7449772  -1.0267128  -0.10384925  0.22652183],[-2.428 -1.282 -2.128 -1.679]
[-1.6803137  -1.054567   -0.16443731  0.3821571 ],[-2.1 -1.1  0.   0. ]
[-1.384436  -0.6503249  1.0025462  1.918614 ],[-1.292 -0.707  0.644  1.914]
[-1.3683066  -0.98941946  0.09157065  0.10628514],[-2.  -1.   1.5 -1.5]
[-1.2844849  -0.89501786 -0.17535624  0.5364487 ],[-2.  -1.5  0.   0.1]
[-1.5942787 -0.2025778 -1.2027696  1.2759789],[-0.56  -0.123  0.045  0.323]
[-2.1120262 -1.7584711  1.3163441  1.690253 ],[-2.  -1.8  1.   1.1]
[-2.4084854 -1.3122585 -2.12279   -1.754169 ],[-2.428 -1.282 -2.128 -1.679]
[-1.2386863  -0.88252664 -0.14073968  0.47789976],[-1.  -1.   0.5 -0.5]
[-0.20470977 -0.5085552  -0.9060948  -0.9472875 ],[-0.2 -0.5 -1.  -1.1]
[-0.14130825 -0.54644597 -0.9751486  -1.0044596 ],[-0.2 -0.5 -1.  -1.1]
[-1.5751632  -0.91326165  0.53735465 -0.4803103 ],[-2.  -1.   1.5 -1.5]
[-1.3568277  -1.0046121   0.06129178  0.1594724 ],[-1.  -1.   0.5 -0.5]
[-1.3559196  -1.0520736   0.11074273  0.20765904],[-2.  -1.   1.5 -1.5]
[-1.5470444 -0.8074854 -0.6546849  0.8857149],[-2.1 -1.1  0.   0. ]
[-1.2734058  -0.9384662  -0.04159955  0.41618228],[-1.5 -1.3  0.   0. ]
[-1.3496227  -1.0710247   0.18282437  0.9042009 ],[-2.  -1.5  0.   0.1]
[-1.6040244  -0.95922744 -0.5685403   0.6613727 ],[-2.1 -1.1  0.   0. ]
[-1.5796669  -1.0578167  -0.24036834  0.36444312],[-2.  -1.8  1.   1.1]
[-1.8810947  -1.5433471   0.93524694  1.3222448 ],[-2.  -1.8  1.   1.1]
[-1.2880268  -1.0360135  -0.10849556  0.5600055 ],[-1.5 -1.3  0.   0. ]
[-0.21937317 -0.50234705 -0.88645667 -0.93370116],[-0.2 -0.5 -1.  -1.1]
[-1.6584661  -1.0223588  -0.24924925  0.36206454],[-2.  -2.   0.5 -0.5]
[-1.6734387  -1.011814   -0.31107965  0.30972245],[-1.5 -1.   0.   0.1]
[-1.6063306  -0.16531152 -1.2700361   1.3114904 ],[-0.56  -0.123  0.045  0.323]
[-1.6789911  -0.97706306 -0.15988934  0.2634194 ],[-1.5 -1.  -1.5  1.5]
[-1.3468388  -0.87047327 -0.15502131  0.68951815],[-1.  -1.   0.5 -0.5]
[-1.7175348  -0.32260844  1.4698557   1.5408165 ],[-1.447 -0.102  1.541  1.316]
[-1.3930513  -1.1110234   0.03117224  0.37442294],[-2.  -1.5  0.   0.1]
[-1.2999845  -0.99516547  0.12068487  0.11627437],[-1.  -1.   0.5 -0.5]
[-1.4151382  -1.076744    0.09247518  0.25970867],[-2.  -1.5  0.   0.1]
[-1.4077615  -0.89495146 -0.03670127  0.8925632 ],[-1.292 -0.707  0.644  1.914]
[-1.1536479  -0.87337357 -0.6189031   1.3156075 ],[-2.  -1.   1.5 -1.5]
[-1.6630342  -0.12930024 -1.2843276   1.2723781 ],[-1.5 -1.   0.   0.1]
[-1.2992489  -0.8837131  -0.17487553  0.591116  ],[-2.  -1.   1.5 -1.5]
[-1.2128596  -0.92335117  0.28464934  0.08952932],[-1.  -1.   0.5 -0.5]
[-1.3809844  -0.92035306 -0.0266882   0.9172769 ],[-1.  -1.  -1.5  1.5]
[-1.407554   -0.8906425  -0.02164793  0.90776974],[-1.292 -0.707  0.644  1.914]
[-0.21866286 -0.5394722  -0.8632458  -0.92649394],[-0.2 -0.5 -1.  -1.1]
[-1.7822304   0.18068048 -1.507969    1.276135  ],[-0.56  -0.123  0.045  0.323]
[-1.8206669  -1.2832953   0.67629135  1.1660155 ],[-2.  -1.8  1.   1.1]
[-2.4617808 -1.3151841 -2.0592415 -1.5769017],[-2.428 -1.282 -2.128 -1.679]
[-1.3748049  -1.0570608   0.07499687  0.34463128],[-1.5 -1.3  0.   0. ]
[-1.6622837  -1.0327595  -0.2296781   0.35815045],[-2.1 -1.1  0.   0. ]
[-1.5584891  -0.9363054  -0.4224888   0.46114892],[-1.5 -1.  -1.5  1.5]
[-1.3641793  -0.6611651   0.89923173  1.751992  ],[-1.292 -0.707  0.644  1.914]
[-1.6101809  -0.27934933 -1.2246208   1.1795592 ],[-1.5 -1.  -1.5  1.5]
[-2.3468769 -1.296011  -2.0263734 -1.6630449],[-2.428 -1.282 -2.128 -1.679]
[-1.3409252  -1.0400561  -0.00760832  0.348986  ],[-1.5 -1.3  0.   0. ]
[-1.3595083  -0.8621013  -0.14095685  0.7234449 ],[-1.  -1.   0.5 -0.5]
[-1.6481097 -1.0182904  0.1016729  0.0699075],[-2.  -2.   0.5 -0.5]
[-1.1339656  -0.94968617 -0.48590568  1.3305893 ],[-1.564 -0.566 -0.708  1.404]
[-1.5780411  -0.76144123 -0.80296344  0.93148327],[-1.5 -1.   0.   0.1]
[-1.3786573  -1.1148057   0.06152976  0.7860675 ],[-1.805 -1.468  0.05   0.431]
[-1.3436396  -1.0407114  -0.00147302  0.34513918],[-1.5 -1.3  0.   0. ]
[-1.4690477  -0.53359693 -1.0502226   1.4885228 ],[-1.  -1.  -1.5  1.5]
[-1.1234455  -0.9805732  -0.48841175  1.3646163 ],[-1.564 -0.566 -0.708  1.404]
[-1.4592093 -0.5055327 -0.6526659  1.3617446],[-1.564 -0.566 -0.708  1.404]
[-1.3042994  -0.9030982   0.30407867  1.0584674 ],[-1.805 -1.468  0.05   0.431]
[-1.6252402 -1.0844444 -0.2532217  0.3129306],[-2.1 -1.1  0.   0. ]
[-1.6636145  -0.9836625  -0.31333235  0.32367498],[-2.  -2.   0.5 -0.5]
[-1.5613008  -0.22612268  1.20869     1.3299004 ],[-1.447 -0.102  1.541  1.316]
[-1.6604109  -1.0239701  -0.25034878  0.36501497],[-2.  -2.   0.5 -0.5]
[-1.5001706 -0.5075967 -0.9597841  1.4539351],[-1.  -1.  -1.5  1.5]
[-1.6525054 -0.3405401  1.2607582  1.3847075],[-1.447 -0.102  1.541  1.316]
[-1.5556588 -0.5846182 -0.9575209  1.3214347],[-2.1 -1.1  0.   0. ]
[-2.3562493 -1.2439127 -1.9261143 -1.4324504],[-2.428 -1.282 -2.128 -1.679]
[-1.627641   -1.0821936  -0.2519692   0.31193775],[-2.1 -1.1  0.   0. ]
[-2.341999  -1.2969049 -2.0269697 -1.6651775],[-2.428 -1.282 -2.128 -1.679]
[-1.369148   -0.63846254  0.9232807   1.7679706 ],[-1.292 -0.707  0.644  1.914]
[-1.6416034  -0.97737396 -0.29782945  0.32859573],[-2.  -1.8  1.   1.1]
[-1.7365017  -0.9505843   0.78410614 -0.6818052 ],[-2.  -1.   1.5 -1.5]
[-1.8253496  -1.474587    0.30078605 -0.03324701],[-2.  -2.   0.5 -0.5]
[-1.2261065  -0.7919188  -0.59138906  1.3710754 ],[-1.564 -0.566 -0.708  1.404]
[-1.384888   -1.0558541   0.09444389  0.31232035],[-2.  -1.5  0.   0.1]
[-1.219325   -0.94172406  0.0174502   0.16085982],[-1.805 -1.468  0.05   0.431]
[-1.7338663  -0.29182774 -1.6293471   1.3013651 ],[-2.071 -0.077 -1.788  1.576]
[-1.6791503 -1.0021347 -0.1643843  0.25275  ],[-2.  -2.   0.5 -0.5]
[-1.5451155  -0.8081976  -0.64792544  0.87004364],[-2.1 -1.1  0.   0. ]
[-1.4292045  -0.88462424 -0.33076027  0.4721509 ],[-0.56  -0.123  0.045  0.323]
[-0.9806043  -0.31672964 -0.580165    0.6934231 ],[-0.56  -0.123  0.045  0.323]
[-1.3113871  -0.8006108   0.48030248  1.3519144 ],[-1.805 -1.468  0.05   0.431]
[-1.317872   -1.0409245  -0.05230818  0.4489934 ],[-1.5 -1.3  0.   0. ]
[-1.2648637  -0.95864093 -0.02270709  0.29487336],[-2.  -1.5  0.   0.1]
[-1.3452468  -0.6616666  -0.71402466  1.4089396 ],[-1.564 -0.566 -0.708  1.404]
[-2.1985395 -1.8867184  1.4169141  1.7855707],[-2.  -1.8  1.   1.1]
[-1.1148708 -1.1491685 -0.5029932  1.645401 ],[-1.142 -1.81  -1.075  1.903]
[-1.9118373 -0.2226587 -1.821647   1.467479 ],[-2.071 -0.077 -1.788  1.576]
[-1.717204   -1.0895584  -0.08889225  0.34639987],[-1.5 -1.   0.   0.1]
[-1.3351824 -0.6055325  0.8453831  1.6485538],[-1.292 -0.707  0.644  1.914]
[-1.3425952  -1.0013672   0.04497643  0.3530343 ],[-1.5 -1.3  0.   0. ]
[-1.4220788  -0.57118213 -1.4608852   1.3785983 ],[-1.5 -1.  -1.5  1.5]
[-1.6856745  -0.37420234 -1.6477339   1.4535728 ],[-2.071 -0.077 -1.788  1.576]
[-1.7106915  -1.3115292   0.24073002 -0.08678059],[-2.  -2.   0.5 -0.5]
[-1.9882364   0.44019565 -1.865548    1.5193954 ],[-1.5 -1.  -1.5  1.5]
[-1.113619  -1.1282115 -0.4846439  1.5811328],[-1.142 -1.81  -1.075  1.903]
[-1.4283574  -0.63163924  0.5780696   1.2176951 ],[-1.  -1.  -1.5  1.5]
[-1.6765563 -0.425869  -1.708878   1.5321537],[-2.071 -0.077 -1.788  1.576]
[-1.761347   -1.0614272  -0.12872279  0.1634049 ],[-2.428 -1.282 -2.128 -1.679]
[-1.4947245e+00 -1.0353998e+00  1.1965111e-03  7.6150322e-01],[-1.  -1.  -1.5  1.5]
[-1.9582051   0.39782462 -1.8046187   1.4756274 ],[-1.5 -1.  -1.5  1.5]
[-1.0929413 -1.1321014 -0.4577282  1.5101881],[-1.142 -1.81  -1.075  1.903]
[-1.4133251 -0.5597564 -1.5324711  1.3251271],[-1.5 -1.  -1.5  1.5]
[-1.7683995   0.14120528 -1.5447117   1.2974024 ],[-0.56  -0.123  0.045  0.323]
[-2.3423374 -1.2940621 -2.0212955 -1.6575258],[-2.428 -1.282 -2.128 -1.679]
[-1.3636597  -0.651746    0.40312985  1.1750534 ],[-1.142 -1.81  -1.075  1.903]
[-1.7912784  -1.2740188   0.21472296  0.03543038],[-2.  -2.   0.5 -0.5]
[-1.2983129  -1.0413296  -0.09385006  0.44134057],[-1.5 -1.3  0.   0. ]
[-1.1146922  -1.0057694  -0.47722396  1.3699377 ],[-1.564 -0.566 -0.708  1.404]
[-1.2339467  -0.93158317 -0.02066621  0.23308514],[-1.  -1.   0.5 -0.5]
[-1.0721244 -0.7058786 -1.1732148  1.3485961],[-1.  -1.  -1.5  1.5]
[-1.5807978 -0.2013058 -1.214762   1.2718484],[-0.56  -0.123  0.045  0.323]
[-1.2581028  -0.8851379  -0.15793012  0.5094129 ],[-1.  -1.   0.5 -0.5]
[-1.6711378  -1.0343884  -0.17776734  0.36181843],[-2.1 -1.1  0.   0. ]
[-1.4599574  -0.5039029  -0.66215295  1.3610663 ],[-1.564 -0.566 -0.708  1.404]
[-1.1630589  -1.0371622  -0.43431062  1.4599093 ],[-1.142 -1.81  -1.075  1.903]
[-2.330239  -1.298067  -2.0819087 -1.7283673],[-2.428 -1.282 -2.128 -1.679]
[-1.5605469  -1.0191706  -0.32321018  0.376979  ],[-1.5 -1.  -1.5  1.5]
[-2.3933728 -1.2872624 -1.9793677 -1.5333565],[-2.428 -1.282 -2.128 -1.679]
[-1.1126399 -1.1275433 -0.4840643  1.5678619],[-1.142 -1.81  -1.075  1.903]
[-1.37303    -1.0490638  -0.05882754  1.0414765 ],[-1.  -1.  -1.5  1.5]
[-1.3050065  -0.8914616  -0.18338016  0.59737843],[-1.805 -1.468  0.05   0.431]
[-1.322953   -0.9941927   0.08774482  0.11855863],[-1.  -1.   0.5 -0.5]
[-1.2268653  -0.89781654 -0.17396183  0.42619315],[-0.2 -0.5 -1.  -1.1]
[-1.4428432  -1.1000483   0.09597104  0.2543279 ],[-2.  -1.5  0.   0.1]
[-1.4803705  -0.844015   -0.0413987   0.24697353],[-2.  -1.   1.5 -1.5]
[-2.3220127 -1.2868098 -2.0939956 -1.7452027],[-2.428 -1.282 -2.128 -1.679]
[-1.2392554  -1.111455   -0.26805034  1.1462865 ],[-1.5 -1.3  0.   0. ]
[-1.5059929  -0.56228966 -1.4900221   1.419741  ],[-1.5 -1.  -1.5  1.5]
[-1.5203836  -0.27686635  1.1660318   1.3047502 ],[-1.447 -0.102  1.541  1.316]
[-1.252234   -0.91423905 -0.08957812  0.41264334],[-1.5 -1.3  0.   0. ]
[-1.349851   -1.0480337   0.09479571  0.20023416],[-2.  -1.   1.5 -1.5]
[-1.4049878  -0.9438242  -0.01270138  0.9738222 ],[-1.  -1.  -1.5  1.5]
[-1.379166   -1.093604    0.03505478  0.37991115],[-2.  -1.5  0.   0.1]
[-1.8408257  -1.5007532   0.3285437  -0.13086976],[-2.  -2.   0.5 -0.5]
[-1.2507747  -0.90825844 -0.09701017  0.40702918],[-1.5 -1.3  0.   0. ]
[-1.5580423 -0.4024095 -1.2337319  1.2941244],[-1.5 -1.   0.   0.1]
[-1.5939331 -0.5045965 -1.5165198  1.3998448],[-2.071 -0.077 -1.788  1.576]
[-1.4129772  -1.0693182   0.07074741  0.30153334],[-1.  -1.   0.5 -0.5]
[-0.21766204 -0.49754727 -0.8473515  -0.909572  ],[-0.2 -0.5 -1.  -1.1]
[-1.8563664   0.22173241 -1.6881679   1.3934007 ],[-2.071 -0.077 -1.788  1.576]
[-1.2167351  -0.7113508  -0.7162015   0.96394175],[-2.  -1.   1.5 -1.5]
[-1.4006945 -0.5686202 -1.4806846  1.3853204],[-1.5 -1.  -1.5  1.5]
[-1.1143363  -1.1297779  -0.48939976  1.5915477 ],[-1.142 -1.81  -1.075  1.903]
[-1.5583504  -0.96108055 -0.39223197  0.44561365],[-1.5 -1.  -1.5  1.5]
[-1.3237038  -1.0421547  -0.02283085  0.27112466],[-2.  -1.5  0.   0.1]
[-1.214916   -0.9017601  -0.33398944  1.2420689 ],[-2.  -1.   1.5 -1.5]
[-1.112881   -1.1320488  -0.48787674  1.5946747 ],[-1.142 -1.81  -1.075  1.903]
[-2.2976077 -1.304609  -2.1603599 -1.8427206],[-2.428 -1.282 -2.128 -1.679]
[-1.4941895  -0.85868895 -0.17218691  0.35791954],[-0.56  -0.123  0.045  0.323]
[-1.5613191  -0.56743515 -1.0238079   1.2411829 ],[-1.5 -1.   0.   0.1]
[-1.6212276  -1.0213486  -0.2636148   0.42859584],[-2.  -1.8  1.   1.1]
[-1.5041969  -0.13089477 -1.0096015   1.2942535 ],[-0.56  -0.123  0.045  0.323]
[-1.2673424  -0.8942169  -0.1587354   0.50828314],[-2.  -1.5  0.   0.1]
[-1.7192408 -0.3068873  1.4734448  1.5455173],[-1.447 -0.102  1.541  1.316]
[-1.3614614  -0.6356565   0.87345743  1.6523103 ],[-1.564 -0.566 -0.708  1.404]
[-1.6675199  -0.971969   -0.14311673  0.30551907],[-1.5 -1.   0.   0.1]
[-1.3988502  -1.129687    0.05241834  0.49037373],[-1.805 -1.468  0.05   0.431]
[-1.762221    0.14813706 -1.5167111   1.271774  ],[-0.56  -0.123  0.045  0.323]
[-2.0730553 -1.722859   1.2581605  1.5604403],[-2.  -1.8  1.   1.1]
[-1.4786475  -0.8540838   0.25733632 -0.1386242 ],[-2.  -1.   1.5 -1.5]
[-1.4698243 -0.559749  -0.812159   1.3574681],[-1.564 -0.566 -0.708  1.404]
[-1.3272619 -0.5797355 -1.2804568  1.2438979],[-2.071 -0.077 -1.788  1.576]
[-1.2893463  -0.97937155  0.05240324  0.17767787],[-2.  -1.   1.5 -1.5]
[-1.3288164  -0.98257375  0.04807178  0.10159221],[-1.  -1.   0.5 -0.5]
[-1.0966092 -1.1246232 -0.4597263  1.5105108],[-1.142 -1.81  -1.075  1.903]
[-1.645869   -0.34361422  1.2536753   1.3774757 ],[-1.447 -0.102  1.541  1.316]
[-2.3354495 -1.3030859 -2.0975163 -1.7452662],[-2.428 -1.282 -2.128 -1.679]
[-1.3644571  -1.0534865   0.04037503  0.32968202],[-1.5 -1.3  0.   0. ]
[-1.3483188  -1.0334077   0.09536917  0.21042763],[-1.805 -1.468  0.05   0.431]
[-1.1028755  -1.0636882  -0.46859512  1.415886  ],[-1.  -1.  -1.5  1.5]
[-2.0367    -1.6991651  1.2086724  1.4959983],[-2.  -1.8  1.   1.1]
[-1.6798297  -0.93523896  0.70126414 -0.61091506],[-2.  -1.   1.5 -1.5]
[-1.4753346 -0.5235505 -1.0318749  1.4686277],[-1.  -1.  -1.5  1.5]
[-1.8766208  -1.4690439   0.39182374  0.30394053],[-2.  -2.   0.5 -0.5]
[-1.2686759  -0.9016466  -0.13046888  0.4726109 ],[-1.142 -1.81  -1.075  1.903]
[-1.6240209 -0.4809609 -1.5315686  1.4740227],[-2.071 -0.077 -1.788  1.576]
[-1.328871   -0.6021767   0.61538607  1.432606  ],[-1.292 -0.707  0.644  1.914]
[-1.580379   -0.44799954 -1.6684201   1.476578  ],[-2.071 -0.077 -1.788  1.576]
[-1.3551488  -0.54484427  0.45824     1.6176656 ],[-1.292 -0.707  0.644  1.914]
[-1.6667396  -1.0144752  -0.38371238  0.34414133],[-2.1 -1.1  0.   0. ]
[-1.1539992  -0.65265787 -1.0882728   1.3749152 ],[-1.  -1.  -1.5  1.5]
[-1.2785304  -1.0250407  -0.12396634  0.57722396],[-1.5 -1.3  0.   0. ]
[-1.1744461  -0.8748847  -0.42877927  1.3027332 ],[-2.  -1.   1.5 -1.5]
[-0.8693497  -0.30479127 -0.3227319   0.54483014],[-0.56  -0.123  0.045  0.323]
[-1.3637369  -0.6694083   0.92046344  1.8151234 ],[-1.292 -0.707  0.644  1.914]
[-1.2546422  -0.60895157 -1.0380217   1.3898115 ],[-1.  -1.  -1.5  1.5]
[-1.6600525  -0.9977168  -0.1119623   0.28015804],[-1.5 -1.   0.   0.1]
[-1.4253112 -0.6862155  1.0814759  2.0327249],[-1.292 -0.707  0.644  1.914]
[-1.4030867  -1.0701472   0.06983302  0.24385628],[-1.805 -1.468  0.05   0.431]
[-1.6086571 -1.0724651 -0.3162023  0.3087896],[-2.  -2.   0.5 -0.5]
[-1.3165605  -1.0658906  -0.06925707  1.0207607 ],[-2.  -1.5  0.   0.1]
[-1.7063046  -0.9790319  -0.0292762   0.24707186],[-1.5 -1.   0.   0.1]
[-1.8485231  -1.51935     0.34349152 -0.14327355],[-2.  -2.   0.5 -0.5]
[-1.7132788  -0.9433999   0.7609986  -0.66005963],[-2.  -1.   1.5 -1.5]
[-0.15147257 -0.5627558  -0.9463242  -0.99163646],[-0.2 -0.5 -1.  -1.1]
[-1.3109646  -1.0453722  -0.09572599  0.68785465],[-1.5 -1.3  0.   0. ]
[-1.358079  -0.5611498 -1.4575577  1.3399229],[-1.5 -1.  -1.5  1.5]
[-1.617221  -1.0317278 -0.2647986  0.5029743],[-2.1 -1.1  0.   0. ]
[-1.427333  -0.6999284  1.1280991  2.1345763],[-1.292 -0.707  0.644  1.914]
[-1.160671   -0.96551096 -0.38742977  1.3319831 ],[-1.292 -0.707  0.644  1.914]
[-1.3745937  -1.0167824   0.06157641  0.1939033 ],[-1.  -1.   0.5 -0.5]
[-1.780979   0.1382747 -1.4283271  1.3059258],[-0.56  -0.123  0.045  0.323]
[-1.3455799  -0.9162531  -0.06296863  0.69897753],[-1.  -1.  -1.5  1.5]
[-1.5034903  -0.58450127 -0.9621681   0.8590954 ],[-2.071 -0.077 -1.788  1.576]
[-2.3439767 -1.3350469 -2.1801896 -1.8396606],[-2.428 -1.282 -2.128 -1.679]
[-2.3821006 -1.2720459 -1.9410644 -1.4653531],[-2.428 -1.282 -2.128 -1.679]
[-1.2796538  -1.0126     -0.16518795  0.7476308 ],[-1.5 -1.3  0.   0. ]
[-1.3357207 -0.5725992  0.7581443  1.5375363],[-1.564 -0.566 -0.708  1.404]
[-1.2874061  -1.1000439  -0.17042226  1.1026574 ],[-1.805 -1.468  0.05   0.431]
[-1.1237926 -1.1154474 -0.5025579  1.6021677],[-1.142 -1.81  -1.075  1.903]
[-1.6195911  -0.07924235 -1.2925148   1.2253644 ],[-0.56  -0.123  0.045  0.323]
[-1.3524413  -1.0817587   0.08183856  0.96285194],[-1.805 -1.468  0.05   0.431]
[-1.7665646  -1.0936713  -0.19903868  0.04558514],[-2.428 -1.282 -2.128 -1.679]
[-1.2920871  -0.89192533 -0.18191206  0.555855  ],[-1.5 -1.3  0.   0. ]
[-2.085771  -1.7254684  1.2548989  1.5690663],[-2.  -1.8  1.   1.1]
[-1.1315963 -1.1204163 -0.527004   1.7093596],[-1.142 -1.81  -1.075  1.903]
[-1.684942   -1.0049417  -0.16156921  0.25388542],[-2.1 -1.1  0.   0. ]
[-1.6905837  -1.2908156   0.23596749 -0.07830738],[-2.  -2.   0.5 -0.5]
[-1.5955795 -0.3144138 -1.1016146  1.1850125],[-1.5 -1.   0.   0.1]
[-1.7352747  -1.3525109   0.25637242 -0.08466016],[-2.  -2.   0.5 -0.5]
[-1.072371   -0.69567335 -1.2286103   1.4459027 ],[-1.  -1.  -1.5  1.5]
[-1.2774409  -1.036941   -0.07556897  0.5560451 ],[-2.  -1.5  0.   0.1]
[-1.6443553 -1.00445   -0.1804184  0.264927 ],[-2.  -2.   0.5 -0.5]
[-1.7363701 -0.3187049 -1.6040945  1.3480859],[-2.071 -0.077 -1.788  1.576]
[-0.18278763 -0.49225104 -0.9224071  -0.97432894],[-0.2 -0.5 -1.  -1.1]
[-1.3585125 -0.6334281  0.8684416  1.6498824],[-1.564 -0.566 -0.708  1.404]
[-1.4486006  -0.5457822  -0.65894103  1.3015474 ],[-1.564 -0.566 -0.708  1.404]
[-1.2272558  -0.94133985  0.01701084  0.1608548 ],[-1.  -1.   0.5 -0.5]
[-1.9694102 -1.669156   1.1015211  1.4265498],[-2.  -1.8  1.   1.1]
[-1.4107958 -0.6741607  1.0226805  1.9251776],[-1.292 -0.707  0.644  1.914]
[-1.5529888  -1.0065219  -0.32939565  0.38936877],[-1.5 -1.  -1.5  1.5]
[-0.16761136 -0.49473703 -0.8883778  -0.9493322 ],[-0.2 -0.5 -1.  -1.1]
[-1.6292922  -0.36339724 -1.151381    1.1767428 ],[-0.56  -0.123  0.045  0.323]
[-1.3855865  -0.97560143 -0.0543652   0.2008819 ],[-2.  -1.   1.5 -1.5]
[-2.3266957 -1.2751963 -2.0231595 -1.6743258],[-2.428 -1.282 -2.128 -1.679]
[-1.1444612 -0.6529821 -1.1724409  1.4931643],[-1.  -1.  -1.5  1.5]
[-1.3622614  -1.0309125   0.08213089  0.1607751 ],[-2.  -1.5  0.   0.1]
[-1.7068635  -0.97936594 -0.24599329  0.41853973],[-2.1 -1.1  0.   0. ]
[-1.3651042 -0.6503163  0.5169655  1.2929711],[-1.447 -0.102  1.541  1.316]
[-1.5281895  -0.25957665  1.0769838   1.2341423 ],[-1.447 -0.102  1.541  1.316]
[-1.377943   -1.1144035   0.03412505  0.6257747 ],[-1.805 -1.468  0.05   0.431]
[-1.2949443  -0.97098255  0.03291105  0.2617289 ],[-2.  -1.5  0.   0.1]
[-1.3929702  -0.68276393  0.97139966  1.8768377 ],[-1.292 -0.707  0.644  1.914]
[-1.3675954  -0.8549193  -0.12639976  0.73805714],[-1.  -1.  -1.5  1.5]
[-1.883202    0.27937308 -1.5724707   1.4041343 ],[-0.56  -0.123  0.045  0.323]
[-1.308722   -1.0488064  -0.07373761  0.65639424],[-1.5 -1.3  0.   0. ]
[-1.3455449  -0.9040319  -0.11661816  0.6813784 ],[-1.  -1.  -1.5  1.5]
[-1.5317852  -0.53005207 -1.0290655   1.3033156 ],[-2.1 -1.1  0.   0. ]
[-1.5863204 -0.0647482 -1.2298269  1.1661994],[-0.56  -0.123  0.045  0.323]
[-1.9019964  -0.23520525 -1.7930739   1.448225  ],[-2.071 -0.077 -1.788  1.576]
[-1.4818902  -0.30746195  0.9752418   1.1540296 ],[-1.447 -0.102  1.541  1.316]
[-1.2259982  -0.90667284 -0.02584506  0.2836144 ],[-1.  -1.   0.5 -0.5]
[-1.4275209  -0.70771754  1.1036682   2.1011143 ],[-1.292 -0.707  0.644  1.914]
[-1.186445   -0.33500546 -0.5973894   0.8396531 ],[-0.56  -0.123  0.045  0.323]
[-1.3860457  -0.6892539   0.98912156  1.9420278 ],[-1.292 -0.707  0.644  1.914]
[-1.877813  -1.5060272  0.8355855  1.2750022],[-2.  -1.8  1.   1.1]
[-2.2002072 -1.2457546 -1.4883405 -1.3184255],[-2.428 -1.282 -2.128 -1.679]
[-1.7577581   0.00186923 -1.4209386   1.2931275 ],[-2.071 -0.077 -1.788  1.576]
[-2.202178  -1.9058679  1.4182824  1.7882173],[-2.  -1.8  1.   1.1]
[-1.4491596 -0.507892  -0.7440231  1.3674705],[-1.564 -0.566 -0.708  1.404]
[-1.3110743  -1.050168   -0.06541628  0.54513144],[-1.5 -1.3  0.   0. ]
[-1.3570166  -0.9778125   0.09183971  0.07039751],[-2.  -1.   1.5 -1.5]
[-2.1992178 -1.9112545  1.3831699  1.7714611],[-2.  -1.8  1.   1.1]
[-1.73303    -1.0140364  -0.09417518  0.21876223],[-2.428 -1.282 -2.128 -1.679]
[-1.7659857  -1.3414463   0.25702915 -0.03693782],[-2.  -2.   0.5 -0.5]
[-1.0692312 -0.6974776 -1.2293564  1.4433924],[-1.  -1.  -1.5  1.5]
[-2.212195  -1.9016703  1.4349971  1.8008256],[-2.  -1.8  1.   1.1]
[-1.4031553  -0.67181945  1.0215939   1.9316925 ],[-1.292 -0.707  0.644  1.914]
[-1.3710756  -0.6543144   0.32752427  1.5874248 ],[-1.292 -0.707  0.644  1.914]
[-0.15011847 -0.51502275 -0.98558235 -1.0022205 ],[-0.2 -0.5 -1.  -1.1]
[-1.1803125 -0.6253761 -1.0649357  1.4321438],[-1.  -1.  -1.5  1.5]
[-1.3030714 -0.8793247  0.3249562  1.142982 ],[-1.805 -1.468  0.05   0.431]
[-1.3131075  -0.5664129  -0.95027596  1.4077089 ],[-1.  -1.  -1.5  1.5]
[-1.7250198  -0.34367996 -1.6483204   1.4566828 ],[-2.071 -0.077 -1.788  1.576]
[-1.3625247  -1.084821    0.14062771  0.8907642 ],[-1.805 -1.468  0.05   0.431]
[-2.3497953 -1.3357215 -2.2026339 -1.8772031],[-2.428 -1.282 -2.128 -1.679]
[-1.248896   -0.9276601  -0.03843754  0.30230638],[-2.  -1.   1.5 -1.5]
[-1.3548466  -1.0847775   0.04407785  0.69306606],[-1.805 -1.468  0.05   0.431]
[-1.4989358  -0.28322926  1.0561544   1.2107334 ],[-1.447 -0.102  1.541  1.316]
[-1.7005534  -0.9846864  -0.03939964  0.25456738],[-1.5 -1.   0.   0.1]
[-1.4224304 -0.5706848 -1.4616456  1.3566964],[-1.5 -1.  -1.5  1.5]
[-1.4918275 -0.8029328 -0.4871968  0.6831645],[-0.56  -0.123  0.045  0.323]
[-1.6710284  -1.012707   -0.19812328  0.36111858],[-2.1 -1.1  0.   0. ]
[-0.1679033  -0.501664   -0.99455833 -0.9952399 ],[-0.2 -0.5 -1.  -1.1]
[-0.2566129  -0.48501438 -0.84714615 -0.881871  ],[-0.2 -0.5 -1.  -1.1]
[-1.6826661  -0.98638463 -0.16260397  0.2626203 ],[-2.  -1.8  1.   1.1]
[-1.2962298  -0.9761864   0.05706311  0.18318209],[-2.  -1.5  0.   0.1]
[-1.5615749  -0.28038424  1.2306386   1.3121076 ],[-1.447 -0.102  1.541  1.316]
[-0.15888736 -0.4944733  -0.89653456 -0.9583557 ],[-0.2 -0.5 -1.  -1.1]
[-1.4586514 -0.5070809 -0.6548425  1.3503485],[-1.564 -0.566 -0.708  1.404]
[-1.167845   -0.9095938   0.30480662 -0.02280556],[-1.  -1.   0.5 -0.5]
[-2.2483802 -1.2742817 -1.6391269 -1.4376593],[-2.428 -1.282 -2.128 -1.679]
[-1.3883777  -1.085919    0.06063162  0.5408087 ],[-1.805 -1.468  0.05   0.431]
[-2.3717952 -1.2717608 -1.9710878 -1.5030789],[-2.428 -1.282 -2.128 -1.679]
[-1.8740299  -1.4777049   0.36877462  0.21271487],[-2.  -2.   0.5 -0.5]
[-1.1119019  -0.9009659   0.25489792 -0.11196627],[-1.  -1.   0.5 -0.5]
[-1.2970418  -0.95788836 -0.00598426  0.4034641 ],[-1.5 -1.3  0.   0. ]
[-1.2914373  -0.8856133  -0.17681515  0.57781625],[-1.  -1.   0.5 -0.5]
[-1.33496    -1.0761503  -0.08042618  0.93274635],[-2.  -1.5  0.   0.1]
[-1.7118344  -0.9980986  -0.13183895  0.23424841],[-2.1 -1.1  0.   0. ]
[-1.2653983  -0.93253636 -0.05649454  0.4201832 ],[-1.5 -1.3  0.   0. ]
[-1.3121182  -1.0456315  -0.06329942  0.48040348],[-1.5 -1.3  0.   0. ]
[-1.3735054  -1.013424    0.05237925  0.17936967],[-1.  -1.   0.5 -0.5]
[-1.5635805 -0.4922027 -1.057156   1.2493334],[-1.5 -1.   0.   0.1]
[-0.16732526 -0.4972198  -0.8904894  -0.94743216],[-0.2 -0.5 -1.  -1.1]
[-1.1553793  -0.90177953 -0.54946613  1.3867476 ],[-1.564 -0.566 -0.708  1.404]
[-1.5941284 -0.9213518  0.5708318 -0.5044967],[-2.  -1.   1.5 -1.5]
[-1.374451   -1.1113478   0.0979502   0.80973047],[-1.805 -1.468  0.05   0.431]
[-0.1306405  -0.48641986 -0.98168635 -1.0348611 ],[-0.2 -0.5 -1.  -1.1]
[-1.2274517  -0.8791462  -0.11847223  0.4381335 ],[-2.  -1.   1.5 -1.5]
[-1.2287445  -0.8946289  -0.04040506  0.31757239],[-1.  -1.   0.5 -0.5]
[-1.3413696  -1.0774174  -0.02890911  0.94980377],[-1.805 -1.468  0.05   0.431]
[-1.2547834  -0.95180047 -0.03539152  0.32109982],[-1.805 -1.468  0.05   0.431]
[-1.4350103  -0.564559   -0.68023074  1.3106787 ],[-1.564 -0.566 -0.708  1.404]
[-1.7303011  -1.1017942  -0.06693201  0.34090614],[-1.5 -1.   0.   0.1]
[-1.126105   -0.93931496  0.07010544 -0.14986709],[-1.  -1.   0.5 -0.5]
[-1.640574  -0.0446988 -1.3129045  1.2301453],[-0.56  -0.123  0.045  0.323]
[-1.3151194  -0.9956471   0.06789198  0.19434191],[-2.  -1.5  0.   0.1]
[-1.2484086  -0.9174913  -0.07427368  0.4004899 ],[-2.  -1.5  0.   0.1]
[-0.14386237 -0.5015812  -1.0264139  -1.0256437 ],[-0.2 -0.5 -1.  -1.1]
[-1.3788254  -1.0569308   0.03281865  0.30648378],[-1.805 -1.468  0.05   0.431]
[-1.4740301  -1.0410751  -0.02741673  0.74717516],[-1.  -1.  -1.5  1.5]
[-1.6335672  -1.077581   -0.24803582  0.3117263 ],[-2.1 -1.1  0.   0. ]
[-1.3096683  -0.5715714   0.69638723  1.6490409 ],[-1.292 -0.707  0.644  1.914]
[-0.18455368 -0.50061846 -0.8688265  -0.930014  ],[-0.2 -0.5 -1.  -1.1]
[-1.913451   -1.6246651   0.41797763 -0.16783173],[-2.  -2.   0.5 -0.5]
[-1.6908127  -1.2479066   0.13938838 -0.03774159],[-2.  -2.   0.5 -0.5]
[-1.6632863  -1.0275904  -0.22484744  0.35888925],[-2.  -2.   0.5 -0.5]
[-1.3724636  -1.0565815   0.08340982  0.29286158],[-1.5 -1.3  0.   0. ]
[-1.4438591  -0.55723655 -0.6654543   1.301285  ],[-1.564 -0.566 -0.708  1.404]
[-1.2589195  -0.9223491  -0.07252883  0.42415723],[-1.5 -1.3  0.   0. ]
[-1.3157163  -1.0562296  -0.08344105  0.67509806],[-1.5 -1.3  0.   0. ]
[-1.5218031  -0.65175474 -0.81440544  0.7678594 ],[-1.5 -1.  -1.5  1.5]
[-1.4693847  -0.5211884  -0.93488336  1.4897213 ],[-1.  -1.  -1.5  1.5]
[-1.3844855 -0.8403424 -0.0749035  0.8530926],[-1.292 -0.707  0.644  1.914]
[-1.391707   -1.043023    0.0753713   0.20015237],[-1.  -1.   0.5 -0.5]
[-1.4240607  -0.66607344  1.007635    1.809074  ],[-1.447 -0.102  1.541  1.316]
[-1.6094445  -1.0334424  -0.2911901   0.55157346],[-2.1 -1.1  0.   0. ]
[-1.1976881 -0.8439357 -0.6875255  1.382529 ],[-2.  -1.   1.5 -1.5]
[-1.4594814  -0.49910283 -0.6781882   1.3640859 ],[-1.564 -0.566 -0.708  1.404]
[-2.4145432 -1.3155713 -2.1310532 -1.7569308],[-2.428 -1.282 -2.128 -1.679]
[-1.8904568 -1.5199474  0.8766675  1.3464713],[-2.  -1.8  1.   1.1]
[-2.4051323 -1.3768018 -2.2796478 -1.9323232],[-2.428 -1.282 -2.128 -1.679]
[-1.5576692  -1.0209332  -0.32082617  0.37668246],[-1.5 -1.  -1.5  1.5]
[-1.0741129 -1.0013914 -0.481966   1.3031363],[-1.  -1.  -1.5  1.5]
[-1.3168184  -0.898394    0.34144187  1.2166854 ],[-1.805 -1.468  0.05   0.431]
[-1.7413968  -0.25967187  1.580387    1.6198671 ],[-1.447 -0.102  1.541  1.316]
[-1.441129  -0.3162679 -0.7084269  1.1100671],[-0.56  -0.123  0.045  0.323]
[-1.3966441  -0.57399195 -1.404502    1.3559042 ],[-1.5 -1.  -1.5  1.5]
[-1.4581778 -0.4999913 -0.6818825  1.3612847],[-1.564 -0.566 -0.708  1.404]
[-1.6190665  -1.0844104  -0.2463131   0.27236927],[-1.5 -1.   0.   0.1]
[-1.1291164 -1.0419616 -0.4530786  1.4181013],[-1.142 -1.81  -1.075  1.903]
[-1.6202409  -0.97564995 -0.19813707  0.29566216],[-1.5 -1.  -1.5  1.5]
[-1.2364595  -0.8916801  -0.11127772  0.41987446],[-2.  -1.5  0.   0.1]
[-0.1564123  -0.56157434 -0.9394918  -0.98572534],[-0.2 -0.5 -1.  -1.1]
[-1.6101726  -0.42541495 -1.667962    1.4760772 ],[-2.071 -0.077 -1.788  1.576]
[-2.37571   -1.3049638 -2.1048608 -1.755698 ],[-2.428 -1.282 -2.128 -1.679]
[-1.5789213  -1.0329193  -0.23316354  0.37444872],[-2.  -1.8  1.   1.1]
[-1.3785458  -1.0783081   0.04666501  0.3158764 ],[-2.  -1.5  0.   0.1]
[-1.3594933  -1.0218408   0.08911142  0.26035687],[-2.  -1.   1.5 -1.5]
[-1.7791102  -1.111146    0.09341077  0.21330236],[-2.  -2.   0.5 -0.5]
[-1.3944101  -0.6744664   0.99085844  1.8725898 ],[-1.292 -0.707  0.644  1.914]
[-1.8139625  -0.28885686  1.6322654   1.700639  ],[-1.447 -0.102  1.541  1.316]
[-1.4287322 -0.6899432  1.0332934  1.9109343],[-1.564 -0.566 -0.708  1.404]
[-1.3607517  -1.001125    0.05723671  0.16397232],[-1.  -1.   0.5 -0.5]
[-1.6942215  -0.95100546 -0.02561393  0.22724226],[-1.5 -1.   0.   0.1]
[-1.7983711  -1.4165789   0.27761877 -0.01108189],[-2.  -2.   0.5 -0.5]
[-1.7271409  -0.9926951  -0.11178824  0.22501196],[-1.5 -1.   0.   0.1]
[-1.4579008  -0.518716   -0.67015576  1.3157228 ],[-1.564 -0.566 -0.708  1.404]
[-1.3510984  -1.0464495   0.09104045  0.21007057],[-2.  -1.   1.5 -1.5]
[-1.6686361  -1.0103447  -0.17845649  0.2639514 ],[-1.5 -1.   0.   0.1]
[-1.2952366  -0.9775592   0.05718181  0.16390789],[-2.  -1.5  0.   0.1]
[-1.3946537  -1.0942084   0.05992598  0.35727665],[-2.  -1.5  0.   0.1]
[-0.20565832 -0.49667776 -0.87142366 -0.9197476 ],[-0.2 -0.5 -1.  -1.1]
[-1.3729627 -0.6498641  0.9193056  1.7536749],[-1.564 -0.566 -0.708  1.404]
[-1.859038    0.18853936 -1.6698238   1.4146576 ],[-2.071 -0.077 -1.788  1.576]
[-0.18043679 -0.5047399  -0.9147322  -0.971688  ],[-0.2 -0.5 -1.  -1.1]
[-1.3800373  -1.0881169   0.03331475  0.42607033],[-2.  -1.5  0.   0.1]
[-0.15433893 -0.51607907 -0.97698694 -0.9948799 ],[-0.2 -0.5 -1.  -1.1]
[-1.3593864  -1.0954276   0.03243412  0.7347521 ],[-2.  -1.5  0.   0.1]
[-1.369626   -1.1091036   0.09791482  0.9710013 ],[-1.805 -1.468  0.05   0.431]
[-1.4875058  -0.5617707  -0.85110277  1.4382768 ],[-1.564 -0.566 -0.708  1.404]
[-1.4572427  -0.49543518 -0.7010518   1.370919  ],[-1.564 -0.566 -0.708  1.404]
[-1.7033962  -1.0827652  -0.08638094  0.33839452],[-1.5 -1.   0.   0.1]
[-1.6826375  -1.0468142  -0.21400881  0.39116162],[-2.1 -1.1  0.   0. ]
[-2.3403971 -1.2961622 -2.0225332 -1.6592497],[-2.428 -1.282 -2.128 -1.679]
[-1.6646237  -0.14177427 -1.1668351   1.2731344 ],[-2.1 -1.1  0.   0. ]
[-1.7383368   0.03514448 -1.4889909   1.3084419 ],[-1.5 -1.  -1.5  1.5]
[-1.7482293  -1.1105913   0.07898396  0.2408932 ],[-2.  -2.   0.5 -0.5]
[-1.2959616  -0.97582173  0.05114789  0.21263152],[-2.  -1.5  0.   0.1]
[-1.133152  -1.1173372 -0.5283267  1.7077811],[-1.142 -1.81  -1.075  1.903]
[-1.5688775 -0.5158346 -1.5469968  1.4301827],[-2.071 -0.077 -1.788  1.576]
[-2.366828  -1.3276898 -2.1769485 -1.8335493],[-2.428 -1.282 -2.128 -1.679]
[-1.4792405  -0.56598485 -1.5278503   1.4151936 ],[-1.5 -1.  -1.5  1.5]
[-1.5676596  -0.66603446 -0.881528    1.218823  ],[-2.1 -1.1  0.   0. ]
[-1.1005188  -1.113763   -0.46008417  1.5038378 ],[-1.142 -1.81  -1.075  1.903]
[-0.1365338 -0.5495948 -0.9797444 -1.0101722],[-0.2 -0.5 -1.  -1.1]
[-0.14748394 -0.486761   -0.9606812  -1.014581  ],[-0.2 -0.5 -1.  -1.1]
[-1.595115   -0.46130297 -1.7029115   1.4376702 ],[-2.071 -0.077 -1.788  1.576]
[-1.4605801  -0.51023376 -0.63882005  1.3595097 ],[-1.564 -0.566 -0.708  1.404]
[-1.3027476  -0.9568356  -0.04526996  0.49182418],[-1.142 -1.81  -1.075  1.903]
[-1.6814505  -0.41635072 -1.6067483   1.5648465 ],[-2.071 -0.077 -1.788  1.576]
[-1.3091851 -0.8447784 -0.5393083  1.3971236],[-1.564 -0.566 -0.708  1.404]
[-1.6581557  -0.17692316 -1.0551195   1.1971072 ],[-2.1 -1.1  0.   0. ]
[-1.3372418  -1.0036557   0.1262804   0.04974968],[-2.  -1.   1.5 -1.5]
[-1.747427   -0.28231946  1.571473    1.5904148 ],[-1.447 -0.102  1.541  1.316]
[-1.5836735 -0.9021869 -0.4222067  0.589034 ],[-2.1 -1.1  0.   0. ]
[-2.241022  -1.9525715  1.4744881  1.8599966],[-2.  -1.8  1.   1.1]
[-1.3796897  -0.5651437   0.56020296  1.3223252 ],[-1.  -1.  -1.5  1.5]
[-1.3364681  -1.0734302  -0.03125681  0.5086844 ],[-2.  -1.5  0.   0.1]
[-1.1581919  -1.0926925  -0.41242293  1.5535989 ],[-1.142 -1.81  -1.075  1.903]
[-1.555884   -0.6892047  -0.82925606  1.1379143 ],[-1.5 -1.   0.   0.1]
[-1.3290488  -0.98308563  0.06325024  0.15794341],[-1.  -1.   0.5 -0.5]
[-1.2947938 -0.6676264 -1.1086956  1.1716459],[-2.071 -0.077 -1.788  1.576]
[-1.4269745  -0.68543506  1.0518545   1.9644914 ],[-1.292 -0.707  0.644  1.914]
[-1.8608184   0.16210994 -1.6111279   1.4153225 ],[-2.071 -0.077 -1.788  1.576]
[-1.4609846  -0.52580285 -1.0714929   1.4803035 ],[-1.  -1.  -1.5  1.5]
[-1.1318668 -0.6611087 -1.1941197  1.4964745],[-1.  -1.  -1.5  1.5]
[-1.6003954 -0.4934194 -1.5500618  1.4707658],[-2.071 -0.077 -1.788  1.576]
[-1.2726111  -1.0758264  -0.19795907  1.050993  ],[-1.5 -1.3  0.   0. ]
[-1.3444419  -0.8746091  -0.15399352  0.6749945 ],[-2.  -1.5  0.   0.1]
[-1.2937858  -0.9433174  -0.0535355   0.45557627],[-1.142 -1.81  -1.075  1.903]
[-0.20726162 -0.49750537 -0.8601454  -0.9160223 ],[-0.2 -0.5 -1.  -1.1]
[-1.6794918  -0.94451857  0.70561254 -0.61219066],[-2.  -1.   1.5 -1.5]
[-1.1354107  -0.95370436  0.05961103 -0.14923312],[-1.  -1.   0.5 -0.5]
[-1.2933378  -0.57031715 -0.960079    1.4141946 ],[-1.  -1.  -1.5  1.5]
[-2.0874178  -1.8346721   0.57920414  0.16660629],[-2.  -2.   0.5 -0.5]
[-2.288742  -1.2613608 -1.8923024 -1.5015056],[-2.428 -1.282 -2.128 -1.679]
[-1.4536581 -0.5097192 -0.6916959  1.3254158],[-1.564 -0.566 -0.708  1.404]
[-2.4066432 -1.3774729 -2.27701   -1.9334176],[-2.428 -1.282 -2.128 -1.679]
[-1.4267066  -0.7223232  -0.47490767  0.7913442 ],[-2.  -1.   1.5 -1.5]
[-1.2811213  -0.89374375 -0.16674688  0.5276797 ],[-1.142 -1.81  -1.075  1.903]
[-1.402834  -0.6807164  1.022776   1.9287012],[-1.292 -0.707  0.644  1.914]
[-0.1929119  -0.54809743 -0.9042618  -0.9446185 ],[-0.2 -0.5 -1.  -1.1]
[-1.3942413 -0.6991514  0.5020987  1.1267626],[-1.292 -0.707  0.644  1.914]
[-1.1352999  -1.0968615  -0.35253897  1.5595067 ],[-1.142 -1.81  -1.075  1.903]
[-0.1590665  -0.51135063 -0.93928343 -1.0053267 ],[-0.2 -0.5 -1.  -1.1]
[-1.6303201  -0.91140306 -0.47065675  0.59723634],[-1.5 -1.   0.   0.1]
[-1.6503303  -1.0825585  -0.24731588  0.51602155],[-2.  -1.8  1.   1.1]
[-1.3199644  -0.58873487  0.6439868   1.4759606 ],[-1.292 -0.707  0.644  1.914]
[-1.3594872  -1.0780293   0.02219293  0.41854152],[-2.  -1.5  0.   0.1]
[-1.4313784 -0.5076957 -1.6088194  1.4487824],[-2.071 -0.077 -1.788  1.576]
[-1.5441314  -0.41423738 -1.0612522   1.2282239 ],[-1.5 -1.   0.   0.1]
[-1.2784636  -0.93331194 -0.08151118  0.45822668],[-1.142 -1.81  -1.075  1.903]
[-1.579396   -1.0494778  -0.23784348  0.36735907],[-2.  -1.8  1.   1.1]
[-1.4347134  -0.55743754  0.92951846  1.6101887 ],[-1.447 -0.102  1.541  1.316]
[-1.6211565  -0.22000015 -0.96798325  1.1576374 ],[-2.1 -1.1  0.   0. ]
[-1.0748878  -0.92666566  0.07296566 -0.21350302],[-1.  -1.   0.5 -0.5]
[-1.2347854 -0.6219121 -1.0173844  1.356421 ],[-1.  -1.  -1.5  1.5]
[-1.1191266 -0.6735592 -1.2279626  1.4999808],[-1.  -1.  -1.5  1.5]
[-1.3368313  -1.0045512   0.08924527  0.13924377],[-1.  -1.   0.5 -0.5]
[-1.8137673   0.14023718 -1.4644672   1.3196714 ],[-0.56  -0.123  0.045  0.323]
[-0.14694655 -0.52789557 -0.97512996 -0.99748474],[-0.2 -0.5 -1.  -1.1]
[-1.382309   -0.58672905 -1.4881642   1.2981129 ],[-1.5 -1.  -1.5  1.5]
[-1.4476762 -0.335827  -0.9166492  1.1385634],[-0.56  -0.123  0.045  0.323]
[-1.3024023  -0.76751864  0.5121062   1.3661512 ],[-1.805 -1.468  0.05   0.431]
[-1.6792171   0.00210527 -1.4463012   1.2467552 ],[-0.56  -0.123  0.045  0.323]
[-1.4573798 -0.5145614 -0.6345916  1.3341069],[-1.564 -0.566 -0.708  1.404]
[-1.1797414  -0.9276148   0.03224277  0.01117718],[-1.805 -1.468  0.05   0.431]
[-1.5172077  -0.28141472  1.1651597   1.297856  ],[-1.447 -0.102  1.541  1.316]
[-1.6789188  -1.0427366  -0.19793266  0.35699588],[-2.1 -1.1  0.   0. ]
[-1.2730207  -0.9123002  -0.10586725  0.4478783 ],[-1.142 -1.81  -1.075  1.903]
[-1.5898778  -0.9970447  -0.24799225  0.37220243],[-2.  -1.8  1.   1.1]
[-1.8583263  -1.444769    0.36845204  0.25661793],[-2.  -2.   0.5 -0.5]
[-1.6626946 -0.1668114 -1.0320308  1.1891925],[-2.1 -1.1  0.   0. ]
[-1.308486   -0.8888129  -0.18076175  0.6001157 ],[-1.142 -1.81  -1.075  1.903]
[-1.746267   -0.24384591  1.5506626   1.5976766 ],[-1.447 -0.102  1.541  1.316]
[-2.3263445 -1.2994599 -2.0430484 -1.6865624],[-2.428 -1.282 -2.128 -1.679]
[-1.8053964  -1.1487119  -0.28237292 -0.19122882],[-2.428 -1.282 -2.128 -1.679]
[-1.2277908  -0.9012202  -0.02631801  0.2994375 ],[-1.  -1.   0.5 -0.5]
[-1.312191   -0.95993936 -0.00925602  0.4007172 ],[-1.142 -1.81  -1.075  1.903]
[-1.2450348  -0.8799459  -0.1383881   0.48291212],[-2.  -1.   1.5 -1.5]
[-1.4018128  -1.0926273   0.06066085  0.33317074],[-2.  -1.5  0.   0.1]
[-1.3193662  -1.0106219   0.10495121  0.06867583],[-2.  -1.5  0.   0.1]
[-1.420787  -0.569149  -1.5601059  1.3798766],[-1.5 -1.  -1.5  1.5]
[-1.6028384  -0.7651498  -0.85079724  0.9334469 ],[-2.1 -1.1  0.   0. ]
[-1.1491711  -1.0601181  -0.44671035  1.5173959 ],[-1.142 -1.81  -1.075  1.903]
[-1.3047724  -1.0432746  -0.13343677  0.86171633],[-1.5 -1.3  0.   0. ]
[-1.1243176  -1.1089356  -0.48208484  1.5731764 ],[-1.142 -1.81  -1.075  1.903]
[-1.6157165  -0.45986882  1.3367184   1.5283182 ],[-1.447 -0.102  1.541  1.316]
[-2.218318  -1.9382497  1.4140869  1.8089381],[-2.  -1.8  1.   1.1]
[-1.5683906  -0.24334311  1.2559505   1.3681173 ],[-1.447 -0.102  1.541  1.316]
[-1.6994437 -1.0919124 -0.1342076  0.3996733],[-2.1 -1.1  0.   0. ]
[-1.3108363  -0.96440876  0.21012142  0.850165  ],[-1.805 -1.468  0.05   0.431]
[-1.423907   -0.68536866  1.0221314   1.8923153 ],[-1.564 -0.566 -0.708  1.404]
[-1.5574474  -0.921185    0.5500219  -0.48500738],[-2.  -1.   1.5 -1.5]
[-1.3102211  -1.0649956  -0.11320094  0.87688553],[-2.  -1.5  0.   0.1]
[-1.4148498  -1.074709    0.06144997  0.33808956],[-1.  -1.   0.5 -0.5]
[-1.4025719  -1.0456077   0.07562632  0.23953162],[-1.  -1.   0.5 -0.5]
[-0.15085256 -0.5530182  -0.96453786 -0.99499506],[-0.2 -0.5 -1.  -1.1]
[-1.7459414  -0.23704928  1.5700291   1.5986367 ],[-1.447 -0.102  1.541  1.316]
[-1.6805674  -1.0590448  -0.15730743  0.36780593],[-1.5 -1.   0.   0.1]
[-1.3141279  -1.049739   -0.06153006  0.5128686 ],[-1.5 -1.3  0.   0. ]
[-2.1301165 -1.8194637  1.2589198  1.6299008],[-2.  -1.8  1.   1.1]
[-1.1306386  -1.1099393  -0.51567733  1.6530457 ],[-1.142 -1.81  -1.075  1.903]
[-1.3973979  -0.6259304   0.95382035  1.7352265 ],[-1.447 -0.102  1.541  1.316]
[-1.295897   -0.97734046  0.05748519  0.17405815],[-2.  -1.5  0.   0.1]
[-1.2921576 -1.046819  -0.1349976  0.6242039],[-1.5 -1.3  0.   0. ]
[-1.3739029  -0.78584844  0.2102879   1.1628836 ],[-1.  -1.  -1.5  1.5]
[-1.5486739  -0.41703466 -1.1946563   1.2789571 ],[-1.5 -1.   0.   0.1]
[-1.5887109 -0.7416078 -0.8655448  0.9716063],[-1.5 -1.   0.   0.1]
[-1.5641074  -1.0153425  -0.32915512  0.37673575],[-1.5 -1.  -1.5  1.5]
[-1.4685606 -0.5653969 -1.5825362  1.4424832],[-1.5 -1.  -1.5  1.5]
[-1.6351056  -0.905112   -0.43760732  0.51842904],[-1.5 -1.   0.   0.1]
[-1.3848798  -1.1053506   0.07263861  0.7176772 ],[-1.805 -1.468  0.05   0.431]
[-1.499711   -0.8429137  -0.17694917  0.34857145],[-0.56  -0.123  0.045  0.323]
[-0.8654332  -0.3030225  -0.3686416   0.56062275],[-0.56  -0.123  0.045  0.323]
[-1.3881068  -0.69329405  0.9860474   1.9266903 ],[-1.292 -0.707  0.644  1.914]
[-1.577337  -0.4678033 -1.670567   1.40252  ],[-1.5 -1.  -1.5  1.5]
[-1.711725   -1.2710308   0.2352871  -0.09826674],[-2.  -2.   0.5 -0.5]
[-1.6618952 -0.4342532 -1.7197875  1.5415509],[-2.071 -0.077 -1.788  1.576]
[-1.1231334 -1.1173643 -0.5009254  1.6004993],[-1.142 -1.81  -1.075  1.903]
[-1.6822476  -0.14922264 -1.2431887   1.2873204 ],[-1.5 -1.   0.   0.1]
[-1.7000961  -0.98726916 -0.04645582  0.26144227],[-1.5 -1.   0.   0.1]
[-1.3224269  -0.5815344   0.75600433  1.6895599 ],[-1.292 -0.707  0.644  1.914]
[-1.722498   -1.1129149  -0.10596002  0.3915796 ],[-2.1 -1.1  0.   0. ]
[-1.3659296 -1.0317216  0.0907561  0.3030428],[-2.  -1.   1.5 -1.5]
[-1.6672041  -1.0101079  -0.2980882   0.30442294],[-1.5 -1.   0.   0.1]
[-2.4146357 -1.3156205 -2.130848  -1.7540336],[-2.428 -1.282 -2.128 -1.679]
[-1.641563  -1.0602664 -0.2002905  0.4566286],[-2.1 -1.1  0.   0. ]
[-0.26495695 -0.5236532  -0.8590119  -0.89550453],[-0.2 -0.5 -1.  -1.1]
[-1.3023949  -0.98363805  0.06174684  0.17422523],[-2.  -1.5  0.   0.1]
[-1.2473637  -0.9045384  -0.1623573   0.40271464],[-0.2 -0.5 -1.  -1.1]
[-2.4097717 -1.2943178 -2.050407  -1.588973 ],[-2.428 -1.282 -2.128 -1.679]
[-1.7258735  -0.37690258 -1.7062591   1.5151803 ],[-2.071 -0.077 -1.788  1.576]
[-1.7170537  -1.3148407   0.24305058 -0.09446426],[-2.  -2.   0.5 -0.5]
[-1.6571019  -0.08685553 -1.5275081   1.2916576 ],[-1.5 -1.  -1.5  1.5]
[-1.6084813  -0.8908757   0.3747857  -0.32965198],[-2.  -1.   1.5 -1.5]
[-1.3201109  -1.0013856   0.07126955  0.20119756],[-2.  -1.5  0.   0.1]
[-1.5645938  -0.92151105  0.5637319  -0.4977356 ],[-2.  -1.   1.5 -1.5]
[-1.3327622  -0.78282255 -0.6860603   1.5331573 ],[-1.  -1.  -1.5  1.5]
[-1.3198146  -1.0474347  -0.04994547  0.43111375],[-1.5 -1.3  0.   0. ]
[-1.3316531  -0.8750471  -0.1613495   0.65869945],[-1.  -1.   0.5 -0.5]
[-1.4047875  -0.67347634  0.9798604   1.8248339 ],[-1.564 -0.566 -0.708  1.404]
[-1.3216044  -1.0593247  -0.05761017  0.6169844 ],[-1.805 -1.468  0.05   0.431]
[-1.299787   -1.0320654  -0.13995236  0.76584214],[-1.5 -1.3  0.   0. ]
[-1.4859519  -0.54316574 -0.78558177  1.3619113 ],[-1.564 -0.566 -0.708  1.404]
[-1.5126082  -0.29117042  1.1441916   1.3117747 ],[-1.447 -0.102  1.541  1.316]
[-1.5625283  -0.51855373 -1.5195614   1.4066942 ],[-2.071 -0.077 -1.788  1.576]
[-1.6543524  -1.0401477   0.11870552  0.06422217],[-2.  -2.   0.5 -0.5]
[-1.8601105  -0.24136312 -1.7812728   1.3700157 ],[-2.071 -0.077 -1.788  1.576]
[-1.3899181  -1.1286052   0.04850214  0.556359  ],[-1.805 -1.468  0.05   0.431]
[-1.31818    -0.9764861   0.01534398  0.38863388],[-1.5 -1.3  0.   0. ]
[-1.2399437  -0.27891058 -0.6475975   0.9638336 ],[-0.56  -0.123  0.045  0.323]
[-1.4507241  -0.51797676 -0.6787374   1.301163  ],[-1.564 -0.566 -0.708  1.404]
[-1.3686776  -0.9095148  -0.01987425  0.8886983 ],[-1.  -1.  -1.5  1.5]
[-1.2877742  -0.97548425  0.04970535  0.18096568],[-2.  -1.   1.5 -1.5]
[-1.6070117 -0.5581848 -1.3393005  0.9998593],[-2.071 -0.077 -1.788  1.576]
[-1.724969   -0.9970132  -0.1272665   0.23490901],[-1.5 -1.   0.   0.1]
[-1.5649009  -0.8147211  -0.66980433  0.9145456 ],[-2.1 -1.1  0.   0. ]
[-1.2402332  -0.8737574  -0.17990443  0.5399709 ],[-0.2 -0.5 -1.  -1.1]
[-1.6192381  -0.37076387  1.0387429   1.2403783 ],[-1.447 -0.102  1.541  1.316]
[-1.3896079  -0.7001042   0.45580277  1.0750549 ],[-1.292 -0.707  0.644  1.914]
[-1.6706048  -0.07995597 -1.2754952   1.2438753 ],[-1.5 -1.   0.   0.1]
[-1.6948756  -1.0101224  -0.08932518  0.20382006],[-2.428 -1.282 -2.128 -1.679]
[-1.3942357  -1.1280781   0.04498244  0.5809769 ],[-2.  -1.5  0.   0.1]
[-1.7327594   0.14130875 -1.4381291   1.2568827 ],[-0.56  -0.123  0.045  0.323]
[-1.3250701  -0.98969746  0.07523646  0.13796851],[-1.  -1.   0.5 -0.5]
[-0.86310387 -0.32157347 -0.32831168  0.50637144],[-0.56  -0.123  0.045  0.323]
[-1.8202771 -1.3163259  0.6416812  1.2097083],[-2.  -1.8  1.   1.1]
[-1.5439668  -0.55366063 -0.97818065  1.3089243 ],[-2.1 -1.1  0.   0. ]
[-1.95856   -1.6660082  1.0854895  1.4084885],[-2.  -1.8  1.   1.1]
[-1.6776063  -0.27543527  1.4600536   1.5379612 ],[-1.447 -0.102  1.541  1.316]
[-1.4516126 -0.5631435 -1.502627   1.4196391],[-1.5 -1.  -1.5  1.5]
[-1.3839812  -0.9253049  -0.03000627  0.92481756],[-1.  -1.  -1.5  1.5]
[-1.4011904  -0.90137815  0.04641006  1.0338867 ],[-1.  -1.  -1.5  1.5]
[-1.4869093 -0.5587249 -1.5789907  1.4449832],[-1.5 -1.  -1.5  1.5]
[-1.2679871  -1.0173945  -0.08550809  0.37529162],[-2.  -1.5  0.   0.1]
[-1.4936538  -0.56279635 -1.5670859   1.4222052 ],[-1.5 -1.  -1.5  1.5]
[-1.449085  -0.5650871 -0.8407778  1.341135 ],[-1.564 -0.566 -0.708  1.404]
[-1.4601818  -0.5010369  -0.67331636  1.3626672 ],[-1.564 -0.566 -0.708  1.404]
[-1.7475522  -1.2610013   0.22480986 -0.03353729],[-2.  -2.   0.5 -0.5]
[-1.3301933  -1.0060202   0.04975311  0.10267182],[-2.  -1.5  0.   0.1]
[-1.7572948  -0.24929073  1.5651876   1.6175256 ],[-1.447 -0.102  1.541  1.316]
[-1.5572008  -0.51348007 -1.5709558   1.4821538 ],[-2.071 -0.077 -1.788  1.576]
[-2.2460303 -1.9671978  1.4578819  1.85037  ],[-2.  -1.8  1.   1.1]
[-1.4229738  -1.0798851   0.07018013  0.218017  ],[-1.805 -1.468  0.05   0.431]
[-1.1361173  -1.1026378  -0.52567095  1.6817285 ],[-1.142 -1.81  -1.075  1.903]
[-1.4320265 -0.5673847 -1.4671861  1.3703254],[-1.5 -1.  -1.5  1.5]
[-1.3816023  -1.091007    0.04453681  0.4018632 ],[-2.  -1.5  0.   0.1]
[-1.2491367 -0.5902879 -1.0108002  1.4429165],[-1.  -1.  -1.5  1.5]
[-1.7769458 -1.0719279 -0.1440396  0.1291158],[-2.428 -1.282 -2.128 -1.679]
[-1.7440811  -0.28939468 -1.6403848   1.3371384 ],[-2.071 -0.077 -1.788  1.576]
[-1.5934861  -0.9262475   0.47844228 -0.3997785 ],[-2.  -1.   1.5 -1.5]
[-1.4260323 -0.7004864  1.1219196  2.126522 ],[-1.292 -0.707  0.644  1.914]
[-1.3910592 -0.6753075  0.9845277  1.877172 ],[-1.292 -0.707  0.644  1.914]
[-1.26728    -0.97262645  0.14976728  0.08089589],[-1.  -1.   0.5 -0.5]
[-1.4782624  -0.29653275  1.0292479   1.1976132 ],[-1.447 -0.102  1.541  1.316]
[-1.6340185  -1.0566814  -0.2739032   0.31693614],[-2.  -2.   0.5 -0.5]
[-2.3908052 -1.3023539 -2.0955489 -1.7205071],[-2.428 -1.282 -2.128 -1.679]
[-1.3987954  -0.67761666  0.97621024  1.8527682 ],[-1.564 -0.566 -0.708  1.404]
[-1.2918031  -0.98220766  0.05424964  0.17753577],[-2.  -1.   1.5 -1.5]
[-2.357746  -1.2471104 -1.9267489 -1.435123 ],[-2.428 -1.282 -2.128 -1.679]
[-1.8984283  -1.4820073   0.64114356  0.857138  ],[-2.  -1.8  1.   1.1]
[-1.6078627  -0.45719728 -1.100294    1.1426922 ],[-1.5 -1.   0.   0.1]
[-1.3735822  -1.0503254   0.10707078  0.28129008],[-2.  -1.   1.5 -1.5]
[-1.3891274  -1.1062481   0.07372306  0.6827448 ],[-1.805 -1.468  0.05   0.431]
[-2.0156174 -1.5644928  1.1053251  1.4852456],[-2.  -1.8  1.   1.1]
[-1.5412714  -0.75404894 -0.73592967  0.9334913 ],[-2.1 -1.1  0.   0. ]
[-1.35906    -0.9134755  -0.02257214  0.8540204 ],[-1.  -1.  -1.5  1.5]
[-1.4669101 -0.5282615 -1.0416915  1.4664507],[-1.  -1.  -1.5  1.5]
[-1.1399583  -1.1038677  -0.37696394  1.5796173 ],[-1.142 -1.81  -1.075  1.903]
[-1.1411047  -0.93413603 -0.52224064  1.3714653 ],[-1.564 -0.566 -0.708  1.404]
[-1.2953191  -0.565189    0.60504556  1.6211598 ],[-1.292 -0.707  0.644  1.914]
[-1.2258401  -0.90421665 -0.02596156  0.28937623],[-1.  -1.   0.5 -0.5]
[-1.448218   -0.54463714 -0.65847844  1.3199617 ],[-1.564 -0.566 -0.708  1.404]
[-1.5630591  -0.40214002 -1.1874893   1.2804172 ],[-1.5 -1.   0.   0.1]
[-1.5353802 -0.9428996  0.5353117 -0.4412413],[-2.  -1.   1.5 -1.5]
[-1.6503563  -0.45042682 -1.7446841   1.5548383 ],[-2.071 -0.077 -1.788  1.576]
[-1.1185895  -1.1177038  -0.48799255  1.5780588 ],[-1.142 -1.81  -1.075  1.903]
[-1.1485316  -1.0948502  -0.38345665  1.5608742 ],[-1.142 -1.81  -1.075  1.903]
[-1.1115416  -0.8892088   0.23167029 -0.10149343],[-1.  -1.   0.5 -0.5]
[-1.2899654  -1.0400231  -0.10276907  0.50850046],[-1.5 -1.3  0.   0. ]
[-1.6636906  -0.08800301 -1.4651643   1.2849795 ],[-1.5 -1.  -1.5  1.5]
[-1.3108546  -0.8636219  -0.1779683   0.65703577],[-0.2 -0.5 -1.  -1.1]
[-1.2265683  -0.8543737  -0.56208754  1.4069932 ],[-1.564 -0.566 -0.708  1.404]
[-1.6483353  -0.9518688  -0.37304905  0.5015367 ],[-1.5 -1.   0.   0.1]
[-2.0462604 -1.734073   1.222268   1.6247067],[-2.  -1.8  1.   1.1]
[-1.5884839  -0.34474578  1.1056061   1.2333924 ],[-1.447 -0.102  1.541  1.316]
[-1.5288699  -0.27404594  1.0988559   1.2433443 ],[-1.447 -0.102  1.541  1.316]
[-0.24289143 -0.52209663 -0.8901325  -0.92843115],[-0.2 -0.5 -1.  -1.1]
[-1.5574439 -0.8081031 -0.6318403  0.8504355],[-2.1 -1.1  0.   0. ]
[-1.6772689  -0.92968833  0.6949048  -0.6071113 ],[-2.  -1.   1.5 -1.5]
[-0.21746868 -0.51871413 -0.90597737 -0.9220447 ],[-0.2 -0.5 -1.  -1.1]
[-1.2443607  -0.93139493  0.12200858  0.13364778],[-1.  -1.   0.5 -0.5]
[-1.6861604  -0.9838152  -0.15844133  0.25839475],[-2.  -1.8  1.   1.1]
[-2.324303  -1.3032879 -2.056691  -1.6978585],[-2.428 -1.282 -2.128 -1.679]
[-1.9471622 -1.5490822  0.6709684  0.8649277],[-2.  -1.8  1.   1.1]
[-1.3220215 -1.0634646 -0.0763697  0.8043948],[-1.805 -1.468  0.05   0.431]
[-1.1713367 -1.1072687 -0.3271292  1.384804 ],[-2.  -1.5  0.   0.1]
[-1.3044602  -0.98888814  0.10370199  0.14233099],[-1.  -1.   0.5 -0.5]
[-1.3534243  -0.982844    0.10236634  0.07193036],[-2.  -1.   1.5 -1.5]
[-0.15684429 -0.48695165 -0.9659058  -1.0151939 ],[-0.2 -0.5 -1.  -1.1]
[-1.24326   -0.6087619 -0.9980194  1.3734753],[-1.  -1.  -1.5  1.5]
[-1.4280524  -0.2681495  -0.89311016  1.1259999 ],[-0.56  -0.123  0.045  0.323]
[-1.6140944   0.00297597 -1.1730186   1.3379109 ],[-0.56  -0.123  0.045  0.323]
[-1.1288888 -1.1166638 -0.5164691  1.6497842],[-1.142 -1.81  -1.075  1.903]
[-1.0729437 -0.7050787 -1.2774535  1.4725575],[-1.  -1.  -1.5  1.5]
[-1.2616341  -0.9304801  -0.0578768   0.42181274],[-1.805 -1.468  0.05   0.431]
[-0.11233902 -0.55546254 -1.0030333  -1.0371054 ],[-0.2 -0.5 -1.  -1.1]
[-0.21949601 -0.50363076 -0.8363616  -0.8984618 ],[-0.2 -0.5 -1.  -1.1]
[-1.5893066  -0.8625474  -0.5516676   0.70926213],[-1.5 -1.   0.   0.1]
[-1.9163717  -0.22792995 -1.7875615   1.4908565 ],[-2.071 -0.077 -1.788  1.576]
[-0.1728569 -0.5001997 -0.9853762 -0.9879578],[-0.2 -0.5 -1.  -1.1]
[-1.1362516  -1.101772   -0.52713835  1.6384349 ],[-1.142 -1.81  -1.075  1.903]
[-1.5012354  -0.80414605  0.1135143   0.9670931 ],[-1.  -1.  -1.5  1.5]
[-2.3479471 -1.2505025 -1.9107434 -1.4291873],[-2.428 -1.282 -2.128 -1.679]
[-1.8017265  -1.2963346   0.20295057  0.11923651],[-2.  -2.   0.5 -0.5]
[-1.2987272  -0.9929693   0.11592082  0.128379  ],[-1.  -1.   0.5 -0.5]
[-1.6080809  -0.8910259   0.5257915  -0.47363463],[-2.  -1.   1.5 -1.5]
[-1.2713692  -1.0222604  -0.13376841  0.6158965 ],[-1.5 -1.3  0.   0. ]
[-1.4076035 -0.6000952  0.88634    1.6721597],[-1.447 -0.102  1.541  1.316]
[-1.7427069  -0.32794744 -1.6787528   1.4760987 ],[-2.071 -0.077 -1.788  1.576]
[-1.7197901  -0.33028394  1.4852892   1.5344849 ],[-1.447 -0.102  1.541  1.316]
[-1.6061034  -0.49121973 -1.0084405   1.1726285 ],[-2.1 -1.1  0.   0. ]
[-1.3592944  -1.089666    0.05020487  0.86323875],[-1.805 -1.468  0.05   0.431]
[-2.2325892 -1.9559242  1.4304353  1.8248283],[-2.  -1.8  1.   1.1]
[-1.3009841  -1.0571895  -0.12369447  0.808351  ],[-2.  -1.5  0.   0.1]
[-1.2803308  -0.93595004 -0.07652353  0.4598746 ],[-1.142 -1.81  -1.075  1.903]
[-1.6680981  -1.0275676  -0.22995281  0.37062323],[-2.1 -1.1  0.   0. ]
[-2.3168771 -1.2827404 -2.0580592 -1.7042512],[-2.428 -1.282 -2.128 -1.679]
[-1.1150259  -1.1289698  -0.49265727  1.5917977 ],[-1.142 -1.81  -1.075  1.903]
[-1.2606809  -0.9351256  -0.0532279   0.39705065],[-2.  -1.5  0.   0.1]
[-1.3404701  -0.87269866 -0.15826279  0.6759615 ],[-2.  -1.   1.5 -1.5]
[-1.773017   -0.24979961  1.6123699   1.6564856 ],[-1.447 -0.102  1.541  1.316]
[-1.3850341  -0.92761445 -0.03197443  0.9274594 ],[-1.  -1.  -1.5  1.5]
[-1.2609849  -0.9327538  -0.05414275  0.4146109 ],[-1.805 -1.468  0.05   0.431]
[-1.5010303  -0.13338241 -1.0252346   1.2604442 ],[-0.56  -0.123  0.045  0.323]
[-1.1552906  -1.0781134  -0.40040317  1.5216534 ],[-1.142 -1.81  -1.075  1.903]
[-1.4189103 -0.6808938  1.0094386  1.8663816],[-1.564 -0.566 -0.708  1.404]
[-1.1886828  -0.92319095  0.31334046 -0.00507717],[-1.  -1.   0.5 -0.5]
[-1.3754032  -0.662236    0.92615914  1.6722916 ],[-1.292 -0.707  0.644  1.914]
[-1.4596292  -0.5911152  -0.81718165  1.4466536 ],[-1.564 -0.566 -0.708  1.404]
[-0.9103106  -0.29902533 -0.48028645  0.62227076],[-0.56  -0.123  0.045  0.323]
[-1.3585708 -0.6277296  0.900818   1.7176288],[-1.292 -0.707  0.644  1.914]
[-1.1264642  -1.1284888  -0.51848215  1.6679149 ],[-1.142 -1.81  -1.075  1.903]
[-1.3771789  -1.11186     0.07054625  0.8397936 ],[-1.805 -1.468  0.05   0.431]
[-1.886538  -1.5072888  1.0074831  1.3311639],[-2.  -1.8  1.   1.1]
[-1.512708  -0.5293636 -1.5176015  1.351572 ],[-1.5 -1.  -1.5  1.5]
[-1.6380793 -0.3687659  1.0731826  1.2721506],[-1.447 -0.102  1.541  1.316]
[-1.2295961  -0.90101266 -0.02672675  0.30103883],[-1.  -1.   0.5 -0.5]
[-1.8122859  -1.3874378   0.29153365  0.17660742],[-2.  -2.   0.5 -0.5]
[-1.1557264 -0.9784491 -0.3620266  1.2946527],[-1.292 -0.707  0.644  1.914]
[-1.3799733 -0.6332376  0.5304975  1.2545922],[-1.564 -0.566 -0.708  1.404]
[-1.331667   -0.98592234  0.05099688  0.12391053],[-1.  -1.   0.5 -0.5]
[-1.3859204  -0.6873075   0.98826647  1.9353573 ],[-1.292 -0.707  0.644  1.914]
[-1.6520747  -0.9873086  -0.29160023  0.31668776],[-2.  -2.   0.5 -0.5]
[-1.3537579  -0.63025165  0.8662726   1.6575418 ],[-1.564 -0.566 -0.708  1.404]
[-1.3903805 -0.8767023 -0.1700348  0.9634314],[-1.  -1.  -1.5  1.5]
[-0.2046395  -0.49774438 -0.8624428  -0.9192249 ],[-0.2 -0.5 -1.  -1.1]
[-1.3652203  -1.0970386   0.05281771  0.81601423],[-1.805 -1.468  0.05   0.431]
[-1.3579363  -0.8628794  -0.14365172  0.7198233 ],[-1.142 -1.81  -1.075  1.903]
[-1.3798776  -1.026073    0.07457314  0.21517959],[-1.  -1.   0.5 -0.5]
[-1.5326221  -0.27207437  1.1107075   1.2498982 ],[-1.447 -0.102  1.541  1.316]
[-2.049518  -1.6853706  1.2092204  1.5736972],[-2.  -1.8  1.   1.1]
[-1.6195279  -1.0246674  -0.2649822   0.46966422],[-2.1 -1.1  0.   0. ]
[-0.176588   -0.48804736 -0.9369846  -0.9828058 ],[-0.2 -0.5 -1.  -1.1]
[-1.3392708  -0.9963031   0.03771514  0.3663909 ],[-1.5 -1.3  0.   0. ]
[-1.4171151  -1.0736554   0.06566808  0.20736139],[-2.  -1.5  0.   0.1]
[-1.3913562 -0.6896316  1.0024205  1.9443337],[-1.292 -0.707  0.644  1.914]
[-1.3810223  -1.1153207   0.06226805  0.79483837],[-1.805 -1.468  0.05   0.431]
[-1.2621319  -0.928283   -0.06197595  0.42735848],[-1.805 -1.468  0.05   0.431]
[-1.5868502  -1.0008286  -0.23926166  0.37045237],[-2.  -1.8  1.   1.1]
[-1.6227622  -0.01998594 -1.2579335   1.1894968 ],[-0.56  -0.123  0.045  0.323]
[-1.5300106  -0.8749031  -0.16814795  0.3188923 ],[-0.56  -0.123  0.045  0.323]
[-1.6407802  -0.93376267 -0.5192826   0.6444363 ],[-1.5 -1.   0.   0.1]
[-1.4947221 -0.5072882 -1.6469618  1.4533079],[-2.071 -0.077 -1.788  1.576]
[-2.321805  -1.3121458 -2.1714292 -1.8453913],[-2.428 -1.282 -2.128 -1.679]
[-0.12844107 -0.48921984 -0.9817438  -1.0397013 ],[-0.2 -0.5 -1.  -1.1]
[-1.1187224  -1.1292888  -0.49194023  1.6098197 ],[-1.142 -1.81  -1.075  1.903]
[-1.6802962  -0.9824357  -0.346848    0.33728045],[-2.  -2.   0.5 -0.5]
[-1.8402522  -1.2623869   0.19940081  0.76930386],[-2.  -1.8  1.   1.1]
[-1.48441    -1.0030035  -0.25722072  0.5521187 ],[-0.56  -0.123  0.045  0.323]
[-1.7760272  -0.29753336  1.6189377   1.6470255 ],[-1.447 -0.102  1.541  1.316]
[-1.9106212   0.34874323 -1.6361291   1.4026402 ],[-0.56  -0.123  0.045  0.323]
[-1.6656021  -1.074105   -0.003034    0.18982135],[-2.1 -1.1  0.   0. ]
[-1.308741   -0.91181195 -0.1362159   0.3664764 ],[-0.2 -0.5 -1.  -1.1]
[-1.3053443  -1.0441351  -0.09180048  0.44787934],[-1.5 -1.3  0.   0. ]
[-1.2925706  -0.71893704  0.5829421   1.4307723 ],[-1.805 -1.468  0.05   0.431]
[-1.6260538  -0.42816246 -1.612606    1.4159553 ],[-1.5 -1.  -1.5  1.5]
[-1.6233526  -0.48430765 -1.5258745   1.434176  ],[-2.071 -0.077 -1.788  1.576]
[-1.7139709  -0.97418153 -0.11646339  0.2257813 ],[-1.5 -1.  -1.5  1.5]
[-1.1161258  -0.8832339   0.22058141 -0.08748345],[-1.  -1.   0.5 -0.5]
[-1.6592417  -1.0348276  -0.19635886  0.36098567],[-1.5 -1.   0.   0.1]
[-1.5562679  -0.49555835 -1.5128767   1.3965151 ],[-1.5 -1.  -1.5  1.5]
[-1.9118133  -1.4757957   0.60229987  0.7859796 ],[-2.  -1.8  1.   1.1]
[-1.6412734  -0.44282874  1.3759164   1.524466  ],[-1.447 -0.102  1.541  1.316]
[-1.4282143  -0.57260823 -1.5429472   1.3672211 ],[-1.5 -1.  -1.5  1.5]
[-1.7564676e+00 -9.8347664e-07 -1.3060714e+00  1.3112092e+00],[-2.1 -1.1  0.   0. ]
[-1.6673168  -1.0272659  -0.23515001  0.3656314 ],[-2.1 -1.1  0.   0. ]
[-1.7628226   0.04241237 -1.339831    1.289047  ],[-1.5 -1.   0.   0.1]
[-1.799469    0.22169778 -1.539324    1.2874871 ],[-0.56  -0.123  0.045  0.323]
[-1.598768   -0.31148592  1.2513522   1.332033  ],[-1.447 -0.102  1.541  1.316]
[-1.6779554  -0.9920473  -0.16561285  0.26589528],[-2.  -1.8  1.   1.1]
[-1.6368486  -1.0745276  -0.24469167  0.31342036],[-2.1 -1.1  0.   0. ]
[-1.7108723  -0.35413727 -1.6445143   1.4539125 ],[-2.071 -0.077 -1.788  1.576]
[-1.4602916  -0.50991774 -0.6426095   1.3558543 ],[-1.564 -0.566 -0.708  1.404]
[-1.6916434 -0.4519483 -1.408545   1.0546759],[-2.071 -0.077 -1.788  1.576]
[-1.2920978  -0.89571786 -0.17800158  0.5478796 ],[-1.805 -1.468  0.05   0.431]
[-1.2555587  -1.0857606  -0.21875298  1.0458093 ],[-1.5 -1.3  0.   0. ]
[-1.3679968  -1.105272    0.04417798  0.80723506],[-1.805 -1.468  0.05   0.431]
[-1.6154308  -1.0790274  -0.30762696  0.33720216],[-2.1 -1.1  0.   0. ]
[-1.3784872  -0.8317464  -0.08185758  0.84883165],[-1.292 -0.707  0.644  1.914]
[-2.4290557 -1.3027395 -2.0462105 -1.6172733],[-2.428 -1.282 -2.128 -1.679]
[-1.8405948 -1.624364   0.4016234  0.0613337],[-2.  -2.   0.5 -0.5]
[-1.6171899  -1.0429261  -0.25140426  0.52765644],[-2.1 -1.1  0.   0. ]
[-1.3899368  -0.64906466  1.0298687   1.9711261 ],[-1.292 -0.707  0.644  1.914]
[-1.4523016  -0.9767556  -0.17219615  0.4317179 ],[-0.56  -0.123  0.045  0.323]
[-1.3218447 -0.5450579  0.5752391  1.6679689],[-1.292 -0.707  0.644  1.914]
[-1.1839601  -0.940941    0.04387125 -0.00469776],[-1.805 -1.468  0.05   0.431]
[-1.4026619 -0.5784524 -1.509669   1.3727878],[-1.5 -1.  -1.5  1.5]
[-1.6107371  -1.0952277  -0.27427948  0.32074177],[-1.5 -1.   0.   0.1]
[-1.4251275 -0.7061354  1.0899326  2.0812862],[-1.292 -0.707  0.644  1.914]
