[Command: python -u D:\Users\anthony\Documents\GitHub\cnn-ns\ml_algs\pca.py]
[4.08716636e-01 2.51608774e-01 1.36841903e-01 7.02659577e-02
 2.59108048e-02 1.40955858e-02 1.22489135e-02 1.09320797e-02
 7.84362147e-03 6.29824825e-03 5.21305886e-03 3.82565205e-03
 3.73138628e-03 3.02976154e-03 2.73957594e-03 2.57501858e-03
 2.29467703e-03 2.05217291e-03 1.89619327e-03 1.68013681e-03
 1.40404049e-03 1.33681290e-03 1.27636207e-03 1.12863821e-03
 1.06511216e-03 9.74955832e-04 8.61167530e-04 7.83752154e-04
 7.41845030e-04 7.12162083e-04 6.97129014e-04 6.12325517e-04
 5.97846973e-04 5.79519054e-04 5.77044040e-04 5.48925854e-04
 5.23836578e-04 5.02940909e-04 4.78712031e-04 4.36398435e-04
 4.11150146e-04 3.99204615e-04 3.77101074e-04 3.52897211e-04
 3.31576606e-04 3.10310727e-04 3.02853682e-04 2.81306460e-04
 2.75462731e-04 2.65508433e-04 2.41843966e-04 2.36776838e-04
 2.21548142e-04 2.07251643e-04 2.00758475e-04 1.94242921e-04
 1.81410003e-04 1.74760850e-04 1.69445049e-04 1.62826094e-04
 1.57980202e-04 1.50377070e-04 1.44529924e-04 1.36335190e-04
 1.31513836e-04 1.27492221e-04 1.21350706e-04 1.15851196e-04
 1.11925557e-04 1.10083224e-04 1.02891498e-04 1.01623773e-04
 9.58623109e-05 9.01244037e-05 8.82781692e-05 8.36040255e-05
 8.00419758e-05 7.74885821e-05 7.66743066e-05 7.26588482e-05
 7.04701716e-05 6.89669141e-05 6.74526971e-05 6.61104978e-05
 6.22347869e-05 5.93986245e-05 5.80415435e-05 5.73869280e-05
 5.62963026e-05 5.29224678e-05 5.21498420e-05 5.05821921e-05
 4.86509558e-05 4.61068507e-05 4.56091122e-05 4.32596482e-05
 4.19069292e-05 4.13429295e-05 3.91630243e-05 3.86498878e-05
 3.70209180e-05 3.64360386e-05 3.57488561e-05 3.48831750e-05
 3.43071077e-05 3.34053365e-05 3.23858532e-05 3.13590105e-05
 3.06539283e-05 3.02259620e-05 2.90725841e-05 2.89550504e-05
 2.83632547e-05 2.78328528e-05 2.73867407e-05 2.63988079e-05
 2.51915955e-05 2.45033456e-05 2.39324069e-05 2.37180977e-05
 2.34708800e-05 2.30822826e-05 2.15242588e-05 2.13219896e-05
 2.08383505e-05 2.02722980e-05 2.00913348e-05 1.97883820e-05
 1.88924400e-05 1.87039606e-05 1.82421125e-05 1.78651553e-05
 1.75233071e-05 1.69739134e-05 1.66687529e-05 1.62263832e-05
 1.61084049e-05 1.57840262e-05 1.54451751e-05 1.49413890e-05
 1.47185011e-05 1.41874442e-05 1.37970336e-05 1.36161576e-05
 1.32996599e-05 1.28670229e-05 1.28181217e-05 1.24355372e-05
 1.22450926e-05 1.19968991e-05]
[0.40871664 0.66032541 0.79716731 0.86743327 0.89334408 0.90743966
 0.91968857 0.93062065 0.93846428 0.94476252 0.94997558 0.95380124
 0.95753262 0.96056238 0.96330196 0.96587698 0.96817165 0.97022383
 0.97212002 0.97380016 0.9752042  0.97654101 0.97781737 0.97894601
 0.98001112 0.98098608 0.98184725 0.982631   0.98337284 0.98408501
 0.98478214 0.98539446 0.98599231 0.98657183 0.98714887 0.9876978
 0.98822163 0.98872457 0.98920329 0.98963968 0.99005083 0.99045004
 0.99082714 0.99118004 0.99151161 0.99182192 0.99212478 0.99240608
 0.99268155 0.99294706 0.9931889  0.99342568 0.99364723 0.99385448
 0.99405524 0.99424948 0.99443089 0.99460565 0.99477509 0.99493792
 0.9950959  0.99524628 0.99539081 0.99552714 0.99565866 0.99578615
 0.9959075  0.99602335 0.99613528 0.99624536 0.99634825 0.99644987
 0.99654574 0.99663586 0.99672414 0.99680774 0.99688779 0.99696527
 0.99704195 0.99711461 0.99718508 0.99725404 0.9973215  0.99738761
 0.99744984 0.99750924 0.99756728 0.99762467 0.99768097 0.99773389
 0.99778604 0.99783662 0.99788527 0.99793138 0.99797699 0.99802025
 0.99806215 0.9981035  0.99814266 0.99818131 0.99821833 0.99825477
 0.99829052 0.9983254  0.99835971 0.99839311 0.9984255  0.99845686
 0.99848751 0.99851774 0.99854681 0.99857576 0.99860413 0.99863196
 0.99865935 0.99868574 0.99871094 0.99873544 0.99875937 0.99878309
 0.99880656 0.99882964 0.99885117 0.99887249 0.99889333 0.9989136
 0.99893369 0.99895348 0.99897237 0.99899108 0.99900932 0.99902718
 0.99904471 0.99906168 0.99907835 0.99909458 0.99911068 0.99912647
 0.99914191 0.99915686 0.99917157 0.99918576 0.99919956 0.99921317
 0.99922647 0.99923934 0.99925216 0.99926459 0.99927684 0.99928884]
